,UUID,VIN,Make,Model,Mileage,Year,Price,ZipCode,CreateDate,UpdateDate,,,,,,,,,,,,,,,,,,,,,,,,,,,,,
,190,21900000001,Toyota,Corolla,1700,1981,200.90,,,,,,,,,,,,,,,,,,,,,,,,,,,,,,,,
,191,21900000002,Toyota,Corolla,1701,1982,200.91,,,,,,,,,,,,,,,,,,,,,,,,,,,,,,,,
,192,21900000003,Toyota,Corolla,1702,1983,200.92,,,,,,,,,,,,,,,,,,,,,,,,,,,,,,,,
,193,21900000004,Toyota,Corolla,1703,1984,200.93,,,,,,,,,,,,,,,,,,,,,,,,,,,,,,,,
,194,21900000005,Toyota,Corolla,1704,1985,200.94,,,,,,,,,,,,,,,,,,,,,,,,,,,,,,,,
,195,21900000006,Toyota,Corolla,1705,1986,200.95,,,,,,,,,,,,,,,,,,,,,,,,,,,,,,,,
,196,21900000007,Toyota,Corolla,1706,1987,200.96,,,,,,,,,,,,,,,,,,,,,,,,,,,,,,,,
,197,21900000008,Toyota,Corolla,1707,1988,200.97,,,,,,,,,,,,,,,,,,,,,,,,,,,,,,,,
,198,21900000009,Toyota,Corolla,1708,1989,200.98,,,,,,,,,,,,,,,,,,,,,,,,,,,,,,,,
,199,21900000010,Toyota,Corolla,1709,1990,200.99,,,,,,,,,,,,,,,,,,,,,,,,,,,,,,,,
,200,21900000011,Toyota,Corolla,1710,1991,201.00,,,,,,,,,,,,,,,,,,,,,,,,,,,,,,,,
,201,21900000012,Toyota,Corolla,1711,1992,201.01,,,,,,,,,,,,,,,,,,,,,,,,,,,,,,,,
,202,21900000013,Toyota,Corolla,1712,1993,201.02,,,,,,,,,,,,,,,,,,,,,,,,,,,,,,,,
,203,21900000014,Toyota,Corolla,1713,1994,201.03,,,,,,,,,,,,,,,,,,,,,,,,,,,,,,,,
,204,21900000015,Toyota,Corolla,1714,1995,201.04,,,,,,,,,,,,,,,,,,,,,,,,,,,,,,,,
,205,21900000016,Toyota,Corolla,1715,1996,201.05,,,,,,,,,,,,,,,,,,,,,,,,,,,,,,,,
,206,21900000017,Toyota,Corolla,1716,1997,201.06,,,,,,,,,,,,,,,,,,,,,,,,,,,,,,,,
,207,21900000018,Toyota,Corolla,1717,1998,201.07,,,,,,,,,,,,,,,,,,,,,,,,,,,,,,,,
,208,21900000019,Toyota,Corolla,1718,1999,201.08,,,,,,,,,,,,,,,,,,,,,,,,,,,,,,,,
,209,21900000020,Toyota,Corolla,1719,2000,201.09,,,,,,,,,,,,,,,,,,,,,,,,,,,,,,,,
,210,21900000021,Toyota,Corolla,1720,2001,201.10,,,,,,,,,,,,,,,,,,,,,,,,,,,,,,,,
,211,21900000022,Toyota,Corolla,1721,2002,201.11,,,,,,,,,,,,,,,,,,,,,,,,,,,,,,,,
,212,21900000023,Toyota,Corolla,1722,2003,201.12,,,,,,,,,,,,,,,,,,,,,,,,,,,,,,,,
,213,21900000024,Toyota,Corolla,1723,2004,201.13,,,,,,,,,,,,,,,,,,,,,,,,,,,,,,,,
,214,21900000025,Toyota,Corolla,1724,2005,201.14,,,,,,,,,,,,,,,,,,,,,,,,,,,,,,,,
,215,21900000026,Toyota,Corolla,1725,2006,201.15,,,,,,,,,,,,,,,,,,,,,,,,,,,,,,,,
,216,21900000027,Toyota,Corolla,1726,2007,201.16,,,,,,,,,,,,,,,,,,,,,,,,,,,,,,,,
,217,21900000028,Toyota,Corolla,1727,2008,201.17,,,,,,,,,,,,,,,,,,,,,,,,,,,,,,,,
,218,21900000029,Toyota,Corolla,1728,2009,201.18,,,,,,,,,,,,,,,,,,,,,,,,,,,,,,,,
,219,21900000030,Toyota,Corolla,1729,2010,201.19,,,,,,,,,,,,,,,,,,,,,,,,,,,,,,,,
,220,21900000031,Toyota,Corolla,1730,2011,201.20,,,,,,,,,,,,,,,,,,,,,,,,,,,,,,,,
,221,21900000032,Toyota,Corolla,1731,2012,201.21,,,,,,,,,,,,,,,,,,,,,,,,,,,,,,,,
,222,21900000033,Toyota,Corolla,1732,2013,201.22,,,,,,,,,,,,,,,,,,,,,,,,,,,,,,,,
,223,21900000034,Toyota,Corolla,1733,2014,201.23,,,,,,,,,,,,,,,,,,,,,,,,,,,,,,,,
,224,21900000035,Toyota,Corolla,1734,2015,201.24,,,,,,,,,,,,,,,,,,,,,,,,,,,,,,,,
,225,21900000036,Toyota,Corolla,1735,2016,201.25,,,,,,,,,,,,,,,,,,,,,,,,,,,,,,,,
,226,21900000037,Toyota,Corolla,1736,2017,201.26,,,,,,,,,,,,,,,,,,,,,,,,,,,,,,,,
,227,21900000038,Toyota,Corolla,1737,2018,201.27,,,,,,,,,,,,,,,,,,,,,,,,,,,,,,,,
,228,21900000039,Toyota,Corolla,1738,2019,201.28,,,,,,,,,,,,,,,,,,,,,,,,,,,,,,,,
,229,21900000040,Toyota,Corolla,1739,2020,201.29,,,,,,,,,,,,,,,,,,,,,,,,,,,,,,,,
,230,21900000041,Toyota,Corolla,1740,2021,201.30,,,,,,,,,,,,,,,,,,,,,,,,,,,,,,,,
,231,21900000042,Toyota,Corolla,1741,2022,201.31,,,,,,,,,,,,,,,,,,,,,,,,,,,,,,,,
,232,21900000043,Toyota,Corolla,1742,2023,201.32,,,,,,,,,,,,,,,,,,,,,,,,,,,,,,,,
,233,21900000044,Toyota,Corolla,1743,2024,201.33,,,,,,,,,,,,,,,,,,,,,,,,,,,,,,,,
,234,21900000045,Toyota,Corolla,1744,2025,201.34,,,,,,,,,,,,,,,,,,,,,,,,,,,,,,,,
,235,21900000046,Toyota,Corolla,1745,2026,201.35,,,,,,,,,,,,,,,,,,,,,,,,,,,,,,,,
,236,21900000047,Toyota,Corolla,1746,2027,201.36,,,,,,,,,,,,,,,,,,,,,,,,,,,,,,,,
,237,21900000048,Toyota,Corolla,1747,2028,201.37,,,,,,,,,,,,,,,,,,,,,,,,,,,,,,,,
,238,21900000049,Toyota,Corolla,1748,2029,201.38,,,,,,,,,,,,,,,,,,,,,,,,,,,,,,,,
,239,21900000050,Toyota,Corolla,1749,2030,201.39,,,,,,,,,,,,,,,,,,,,,,,,,,,,,,,,
,240,21900000051,Toyota,Corolla,1750,2031,201.40,,,,,,,,,,,,,,,,,,,,,,,,,,,,,,,,
,241,21900000052,Toyota,Corolla,1751,2032,201.41,,,,,,,,,,,,,,,,,,,,,,,,,,,,,,,,
,242,21900000053,Toyota,Corolla,1752,2033,201.42,,,,,,,,,,,,,,,,,,,,,,,,,,,,,,,,
,243,21900000054,Toyota,Corolla,1753,2034,201.43,,,,,,,,,,,,,,,,,,,,,,,,,,,,,,,,
,244,21900000055,Toyota,Corolla,1754,2035,201.44,,,,,,,,,,,,,,,,,,,,,,,,,,,,,,,,
,245,21900000056,Toyota,Corolla,1755,2036,201.45,,,,,,,,,,,,,,,,,,,,,,,,,,,,,,,,
,246,21900000057,Toyota,Corolla,1756,2037,201.46,,,,,,,,,,,,,,,,,,,,,,,,,,,,,,,,
,247,21900000058,Toyota,Corolla,1757,2038,201.47,,,,,,,,,,,,,,,,,,,,,,,,,,,,,,,,
,248,21900000059,Toyota,Corolla,1758,2039,201.48,,,,,,,,,,,,,,,,,,,,,,,,,,,,,,,,
,249,21900000060,Toyota,Corolla,1759,2040,201.49,,,,,,,,,,,,,,,,,,,,,,,,,,,,,,,,
,250,21900000061,Toyota,Corolla,1760,2041,201.50,,,,,,,,,,,,,,,,,,,,,,,,,,,,,,,,
,251,21900000062,Toyota,Corolla,1761,2042,201.51,,,,,,,,,,,,,,,,,,,,,,,,,,,,,,,,
,252,21900000063,Toyota,Corolla,1762,2043,201.52,,,,,,,,,,,,,,,,,,,,,,,,,,,,,,,,
,253,21900000064,Toyota,Corolla,1763,2044,201.53,,,,,,,,,,,,,,,,,,,,,,,,,,,,,,,,
,254,21900000065,Toyota,Corolla,1764,2045,201.54,,,,,,,,,,,,,,,,,,,,,,,,,,,,,,,,
,255,21900000066,Toyota,Corolla,1765,2046,201.55,,,,,,,,,,,,,,,,,,,,,,,,,,,,,,,,
,256,21900000067,Toyota,Corolla,1766,2047,201.56,,,,,,,,,,,,,,,,,,,,,,,,,,,,,,,,
,257,21900000068,Toyota,Corolla,1767,2048,201.57,,,,,,,,,,,,,,,,,,,,,,,,,,,,,,,,
,258,21900000069,Toyota,Corolla,1768,2049,201.58,,,,,,,,,,,,,,,,,,,,,,,,,,,,,,,,
,259,21900000070,Toyota,Corolla,1769,2050,201.59,,,,,,,,,,,,,,,,,,,,,,,,,,,,,,,,
,260,21900000071,Toyota,Corolla,1770,2051,201.60,,,,,,,,,,,,,,,,,,,,,,,,,,,,,,,,
,261,21900000072,Toyota,Corolla,1771,2052,201.61,,,,,,,,,,,,,,,,,,,,,,,,,,,,,,,,
,262,21900000073,Toyota,Corolla,1772,2053,201.62,,,,,,,,,,,,,,,,,,,,,,,,,,,,,,,,
,263,21900000074,Toyota,Corolla,1773,2054,201.63,,,,,,,,,,,,,,,,,,,,,,,,,,,,,,,,
,264,21900000075,Toyota,Corolla,1774,2055,201.64,,,,,,,,,,,,,,,,,,,,,,,,,,,,,,,,
,265,21900000076,Toyota,Corolla,1775,2056,201.65,,,,,,,,,,,,,,,,,,,,,,,,,,,,,,,,
,266,21900000077,Toyota,Corolla,1776,2057,201.66,,,,,,,,,,,,,,,,,,,,,,,,,,,,,,,,
,267,21900000078,Toyota,Corolla,1777,2058,201.67,,,,,,,,,,,,,,,,,,,,,,,,,,,,,,,,
,268,21900000079,Toyota,Corolla,1778,2059,201.68,,,,,,,,,,,,,,,,,,,,,,,,,,,,,,,,
,269,21900000080,Toyota,Corolla,1779,2060,201.69,,,,,,,,,,,,,,,,,,,,,,,,,,,,,,,,
,270,21900000081,Toyota,Corolla,1780,2061,201.70,,,,,,,,,,,,,,,,,,,,,,,,,,,,,,,,
,271,21900000082,Toyota,Corolla,1781,2062,201.71,,,,,,,,,,,,,,,,,,,,,,,,,,,,,,,,
,272,21900000083,Toyota,Corolla,1782,2063,201.72,,,,,,,,,,,,,,,,,,,,,,,,,,,,,,,,
,273,21900000084,Toyota,Corolla,1783,2064,201.73,,,,,,,,,,,,,,,,,,,,,,,,,,,,,,,,
,274,21900000085,Toyota,Corolla,1784,2065,201.74,,,,,,,,,,,,,,,,,,,,,,,,,,,,,,,,
,275,21900000086,Toyota,Corolla,1785,2066,201.75,,,,,,,,,,,,,,,,,,,,,,,,,,,,,,,,
,276,21900000087,Toyota,Corolla,1786,2067,201.76,,,,,,,,,,,,,,,,,,,,,,,,,,,,,,,,
,277,21900000088,Toyota,Corolla,1787,2068,201.77,,,,,,,,,,,,,,,,,,,,,,,,,,,,,,,,
,278,21900000089,Toyota,Corolla,1788,2069,201.78,,,,,,,,,,,,,,,,,,,,,,,,,,,,,,,,
,279,21900000090,Toyota,Corolla,1789,2070,201.79,,,,,,,,,,,,,,,,,,,,,,,,,,,,,,,,
,280,21900000091,Toyota,Corolla,1790,2071,201.80,,,,,,,,,,,,,,,,,,,,,,,,,,,,,,,,
,281,21900000092,Toyota,Corolla,1791,2072,201.81,,,,,,,,,,,,,,,,,,,,,,,,,,,,,,,,
,282,21900000093,Toyota,Corolla,1792,2073,201.82,,,,,,,,,,,,,,,,,,,,,,,,,,,,,,,,
,283,21900000094,Toyota,Corolla,1793,2074,201.83,,,,,,,,,,,,,,,,,,,,,,,,,,,,,,,,
,284,21900000095,Toyota,Corolla,1794,2075,201.84,,,,,,,,,,,,,,,,,,,,,,,,,,,,,,,,
,285,21900000096,Toyota,Corolla,1795,2076,201.85,,,,,,,,,,,,,,,,,,,,,,,,,,,,,,,,
,286,21900000097,Toyota,Corolla,1796,2077,201.86,,,,,,,,,,,,,,,,,,,,,,,,,,,,,,,,
,287,21900000098,Toyota,Corolla,1797,2078,201.87,,,,,,,,,,,,,,,,,,,,,,,,,,,,,,,,
,288,21900000099,Toyota,Corolla,1798,2079,201.88,,,,,,,,,,,,,,,,,,,,,,,,,,,,,,,,
,289,21900000100,Toyota,Corolla,1799,2080,201.89,,,,,,,,,,,,,,,,,,,,,,,,,,,,,,,,
,290,21900000101,Toyota,Corolla,1800,2081,201.90,,,,,,,,,,,,,,,,,,,,,,,,,,,,,,,,
,291,21900000102,Toyota,Corolla,1801,2082,201.91,,,,,,,,,,,,,,,,,,,,,,,,,,,,,,,,
,292,21900000103,Toyota,Corolla,1802,2083,201.92,,,,,,,,,,,,,,,,,,,,,,,,,,,,,,,,
,293,21900000104,Toyota,Corolla,1803,2084,201.93,,,,,,,,,,,,,,,,,,,,,,,,,,,,,,,,
,294,21900000105,Toyota,Corolla,1804,2085,201.94,,,,,,,,,,,,,,,,,,,,,,,,,,,,,,,,
,295,21900000106,Toyota,Corolla,1805,2086,201.95,,,,,,,,,,,,,,,,,,,,,,,,,,,,,,,,
,296,21900000107,Toyota,Corolla,1806,2087,201.96,,,,,,,,,,,,,,,,,,,,,,,,,,,,,,,,
,297,21900000108,Toyota,Corolla,1807,2088,201.97,,,,,,,,,,,,,,,,,,,,,,,,,,,,,,,,
,298,21900000109,Toyota,Corolla,1808,2089,201.98,,,,,,,,,,,,,,,,,,,,,,,,,,,,,,,,
,299,21900000110,Toyota,Corolla,1809,2090,201.99,,,,,,,,,,,,,,,,,,,,,,,,,,,,,,,,
,300,21900000111,Toyota,Corolla,1810,2091,202.00,,,,,,,,,,,,,,,,,,,,,,,,,,,,,,,,
,301,21900000112,Toyota,Corolla,1811,2092,202.01,,,,,,,,,,,,,,,,,,,,,,,,,,,,,,,,
,302,21900000113,Toyota,Corolla,1812,2093,202.02,,,,,,,,,,,,,,,,,,,,,,,,,,,,,,,,
,303,21900000114,Toyota,Corolla,1813,2094,202.03,,,,,,,,,,,,,,,,,,,,,,,,,,,,,,,,
,304,21900000115,Toyota,Corolla,1814,2095,202.04,,,,,,,,,,,,,,,,,,,,,,,,,,,,,,,,
,305,21900000116,Toyota,Corolla,1815,2096,202.05,,,,,,,,,,,,,,,,,,,,,,,,,,,,,,,,
,306,21900000117,Toyota,Corolla,1816,2097,202.06,,,,,,,,,,,,,,,,,,,,,,,,,,,,,,,,
,307,21900000118,Toyota,Corolla,1817,2098,202.07,,,,,,,,,,,,,,,,,,,,,,,,,,,,,,,,
,308,21900000119,Toyota,Corolla,1818,2099,202.08,,,,,,,,,,,,,,,,,,,,,,,,,,,,,,,,
,309,21900000120,Toyota,Corolla,1819,2100,202.09,,,,,,,,,,,,,,,,,,,,,,,,,,,,,,,,
,310,21900000121,Toyota,Corolla,1820,2101,202.10,,,,,,,,,,,,,,,,,,,,,,,,,,,,,,,,
,311,21900000122,Toyota,Corolla,1821,2102,202.11,,,,,,,,,,,,,,,,,,,,,,,,,,,,,,,,
,312,21900000123,Toyota,Corolla,1822,2103,202.12,,,,,,,,,,,,,,,,,,,,,,,,,,,,,,,,
,313,21900000124,Toyota,Corolla,1823,2104,202.13,,,,,,,,,,,,,,,,,,,,,,,,,,,,,,,,
,314,21900000125,Toyota,Corolla,1824,2105,202.14,,,,,,,,,,,,,,,,,,,,,,,,,,,,,,,,
,315,21900000126,Toyota,Corolla,1825,2106,202.15,,,,,,,,,,,,,,,,,,,,,,,,,,,,,,,,
,316,21900000127,Toyota,Corolla,1826,2107,202.16,,,,,,,,,,,,,,,,,,,,,,,,,,,,,,,,
,317,21900000128,Toyota,Corolla,1827,2108,202.17,,,,,,,,,,,,,,,,,,,,,,,,,,,,,,,,
,318,21900000129,Toyota,Corolla,1828,2109,202.18,,,,,,,,,,,,,,,,,,,,,,,,,,,,,,,,
,319,21900000130,Toyota,Corolla,1829,2110,202.19,,,,,,,,,,,,,,,,,,,,,,,,,,,,,,,,
,320,21900000131,Toyota,Corolla,1830,2111,202.20,,,,,,,,,,,,,,,,,,,,,,,,,,,,,,,,
,321,21900000132,Toyota,Corolla,1831,2112,202.21,,,,,,,,,,,,,,,,,,,,,,,,,,,,,,,,
,322,21900000133,Toyota,Corolla,1832,2113,202.22,,,,,,,,,,,,,,,,,,,,,,,,,,,,,,,,
,323,21900000134,Toyota,Corolla,1833,2114,202.23,,,,,,,,,,,,,,,,,,,,,,,,,,,,,,,,
,324,21900000135,Toyota,Corolla,1834,2115,202.24,,,,,,,,,,,,,,,,,,,,,,,,,,,,,,,,
,325,21900000136,Toyota,Corolla,1835,2116,202.25,,,,,,,,,,,,,,,,,,,,,,,,,,,,,,,,
,326,21900000137,Toyota,Corolla,1836,2117,202.26,,,,,,,,,,,,,,,,,,,,,,,,,,,,,,,,
,327,21900000138,Toyota,Corolla,1837,2118,202.27,,,,,,,,,,,,,,,,,,,,,,,,,,,,,,,,
,328,21900000139,Toyota,Corolla,1838,2119,202.28,,,,,,,,,,,,,,,,,,,,,,,,,,,,,,,,
,329,21900000140,Toyota,Corolla,1839,2120,202.29,,,,,,,,,,,,,,,,,,,,,,,,,,,,,,,,
,330,21900000141,Toyota,Corolla,1840,2121,202.30,,,,,,,,,,,,,,,,,,,,,,,,,,,,,,,,
,331,21900000142,Toyota,Corolla,1841,2122,202.31,,,,,,,,,,,,,,,,,,,,,,,,,,,,,,,,
,332,21900000143,Toyota,Corolla,1842,2123,202.32,,,,,,,,,,,,,,,,,,,,,,,,,,,,,,,,
,333,21900000144,Toyota,Corolla,1843,2124,202.33,,,,,,,,,,,,,,,,,,,,,,,,,,,,,,,,
,334,21900000145,Toyota,Corolla,1844,2125,202.34,,,,,,,,,,,,,,,,,,,,,,,,,,,,,,,,
,335,21900000146,Toyota,Corolla,1845,2126,202.35,,,,,,,,,,,,,,,,,,,,,,,,,,,,,,,,
,336,21900000147,Toyota,Corolla,1846,2127,202.36,,,,,,,,,,,,,,,,,,,,,,,,,,,,,,,,
,337,21900000148,Toyota,Corolla,1847,2128,202.37,,,,,,,,,,,,,,,,,,,,,,,,,,,,,,,,
,338,21900000149,Toyota,Corolla,1848,2129,202.38,,,,,,,,,,,,,,,,,,,,,,,,,,,,,,,,
,339,21900000150,Toyota,Corolla,1849,2130,202.39,,,,,,,,,,,,,,,,,,,,,,,,,,,,,,,,
,340,21900000151,Toyota,Corolla,1850,2131,202.40,,,,,,,,,,,,,,,,,,,,,,,,,,,,,,,,
,341,21900000152,Toyota,Corolla,1851,2132,202.41,,,,,,,,,,,,,,,,,,,,,,,,,,,,,,,,
,342,21900000153,Toyota,Corolla,1852,2133,202.42,,,,,,,,,,,,,,,,,,,,,,,,,,,,,,,,
,343,21900000154,Toyota,Corolla,1853,2134,202.43,,,,,,,,,,,,,,,,,,,,,,,,,,,,,,,,
,344,21900000155,Toyota,Corolla,1854,2135,202.44,,,,,,,,,,,,,,,,,,,,,,,,,,,,,,,,
,345,21900000156,Toyota,Corolla,1855,2136,202.45,,,,,,,,,,,,,,,,,,,,,,,,,,,,,,,,
,346,21900000157,Toyota,Corolla,1856,2137,202.46,,,,,,,,,,,,,,,,,,,,,,,,,,,,,,,,
,347,21900000158,Toyota,Corolla,1857,2138,202.47,,,,,,,,,,,,,,,,,,,,,,,,,,,,,,,,
,348,21900000159,Toyota,Corolla,1858,2139,202.48,,,,,,,,,,,,,,,,,,,,,,,,,,,,,,,,
,349,21900000160,Toyota,Corolla,1859,2140,202.49,,,,,,,,,,,,,,,,,,,,,,,,,,,,,,,,
,350,21900000161,Toyota,Corolla,1860,2141,202.50,,,,,,,,,,,,,,,,,,,,,,,,,,,,,,,,
,351,21900000162,Toyota,Corolla,1861,2142,202.51,,,,,,,,,,,,,,,,,,,,,,,,,,,,,,,,
,352,21900000163,Toyota,Corolla,1862,2143,202.52,,,,,,,,,,,,,,,,,,,,,,,,,,,,,,,,
,353,21900000164,Toyota,Corolla,1863,2144,202.53,,,,,,,,,,,,,,,,,,,,,,,,,,,,,,,,
,354,21900000165,Toyota,Corolla,1864,2145,202.54,,,,,,,,,,,,,,,,,,,,,,,,,,,,,,,,
,355,21900000166,Toyota,Corolla,1865,2146,202.55,,,,,,,,,,,,,,,,,,,,,,,,,,,,,,,,
,356,21900000167,Toyota,Corolla,1866,2147,202.56,,,,,,,,,,,,,,,,,,,,,,,,,,,,,,,,
,357,21900000168,Toyota,Corolla,1867,2148,202.57,,,,,,,,,,,,,,,,,,,,,,,,,,,,,,,,
,358,21900000169,Toyota,Corolla,1868,2149,202.58,,,,,,,,,,,,,,,,,,,,,,,,,,,,,,,,
,359,21900000170,Toyota,Corolla,1869,2150,202.59,,,,,,,,,,,,,,,,,,,,,,,,,,,,,,,,
,360,21900000171,Toyota,Corolla,1870,2151,202.60,,,,,,,,,,,,,,,,,,,,,,,,,,,,,,,,
,361,21900000172,Toyota,Corolla,1871,2152,202.61,,,,,,,,,,,,,,,,,,,,,,,,,,,,,,,,
,362,21900000173,Toyota,Corolla,1872,2153,202.62,,,,,,,,,,,,,,,,,,,,,,,,,,,,,,,,
,363,21900000174,Toyota,Corolla,1873,2154,202.63,,,,,,,,,,,,,,,,,,,,,,,,,,,,,,,,
,364,21900000175,Toyota,Corolla,1874,2155,202.64,,,,,,,,,,,,,,,,,,,,,,,,,,,,,,,,
,365,21900000176,Toyota,Corolla,1875,2156,202.65,,,,,,,,,,,,,,,,,,,,,,,,,,,,,,,,
,366,21900000177,Toyota,Corolla,1876,2157,202.66,,,,,,,,,,,,,,,,,,,,,,,,,,,,,,,,
,367,21900000178,Toyota,Corolla,1877,2158,202.67,,,,,,,,,,,,,,,,,,,,,,,,,,,,,,,,
,368,21900000179,Toyota,Corolla,1878,2159,202.68,,,,,,,,,,,,,,,,,,,,,,,,,,,,,,,,
,369,21900000180,Toyota,Corolla,1879,2160,202.69,,,,,,,,,,,,,,,,,,,,,,,,,,,,,,,,
,370,21900000181,Toyota,Corolla,1880,2161,202.70,,,,,,,,,,,,,,,,,,,,,,,,,,,,,,,,
,371,21900000182,Toyota,Corolla,1881,2162,202.71,,,,,,,,,,,,,,,,,,,,,,,,,,,,,,,,
,372,21900000183,Toyota,Corolla,1882,2163,202.72,,,,,,,,,,,,,,,,,,,,,,,,,,,,,,,,
,373,21900000184,Toyota,Corolla,1883,2164,202.73,,,,,,,,,,,,,,,,,,,,,,,,,,,,,,,,
,374,21900000185,Toyota,Corolla,1884,2165,202.74,,,,,,,,,,,,,,,,,,,,,,,,,,,,,,,,
,375,21900000186,Toyota,Corolla,1885,2166,202.75,,,,,,,,,,,,,,,,,,,,,,,,,,,,,,,,
,376,21900000187,Toyota,Corolla,1886,2167,202.76,,,,,,,,,,,,,,,,,,,,,,,,,,,,,,,,
,377,21900000188,Toyota,Corolla,1887,2168,202.77,,,,,,,,,,,,,,,,,,,,,,,,,,,,,,,,
,378,21900000189,Toyota,Corolla,1888,2169,202.78,,,,,,,,,,,,,,,,,,,,,,,,,,,,,,,,
,379,21900000190,Toyota,Corolla,1889,2170,202.79,,,,,,,,,,,,,,,,,,,,,,,,,,,,,,,,
,380,21900000191,Toyota,Corolla,1890,2171,202.80,,,,,,,,,,,,,,,,,,,,,,,,,,,,,,,,
,381,21900000192,Toyota,Corolla,1891,2172,202.81,,,,,,,,,,,,,,,,,,,,,,,,,,,,,,,,
,382,21900000193,Toyota,Corolla,1892,2173,202.82,,,,,,,,,,,,,,,,,,,,,,,,,,,,,,,,
,383,21900000194,Toyota,Corolla,1893,2174,202.83,,,,,,,,,,,,,,,,,,,,,,,,,,,,,,,,
,384,21900000195,Toyota,Corolla,1894,2175,202.84,,,,,,,,,,,,,,,,,,,,,,,,,,,,,,,,
,385,21900000196,Toyota,Corolla,1895,2176,202.85,,,,,,,,,,,,,,,,,,,,,,,,,,,,,,,,
,386,21900000197,Toyota,Corolla,1896,2177,202.86,,,,,,,,,,,,,,,,,,,,,,,,,,,,,,,,
,387,21900000198,Toyota,Corolla,1897,2178,202.87,,,,,,,,,,,,,,,,,,,,,,,,,,,,,,,,
,388,21900000199,Toyota,Corolla,1898,2179,202.88,,,,,,,,,,,,,,,,,,,,,,,,,,,,,,,,
,389,21900000200,Toyota,Corolla,1899,2180,202.89,,,,,,,,,,,,,,,,,,,,,,,,,,,,,,,,
,390,21900000201,Toyota,Corolla,1900,2181,202.90,,,,,,,,,,,,,,,,,,,,,,,,,,,,,,,,
,391,21900000202,Toyota,Corolla,1901,2182,202.91,,,,,,,,,,,,,,,,,,,,,,,,,,,,,,,,
,392,21900000203,Toyota,Corolla,1902,2183,202.92,,,,,,,,,,,,,,,,,,,,,,,,,,,,,,,,
,393,21900000204,Toyota,Corolla,1903,2184,202.93,,,,,,,,,,,,,,,,,,,,,,,,,,,,,,,,
,394,21900000205,Toyota,Corolla,1904,2185,202.94,,,,,,,,,,,,,,,,,,,,,,,,,,,,,,,,
,395,21900000206,Toyota,Corolla,1905,2186,202.95,,,,,,,,,,,,,,,,,,,,,,,,,,,,,,,,
,396,21900000207,Toyota,Corolla,1906,2187,202.96,,,,,,,,,,,,,,,,,,,,,,,,,,,,,,,,
,397,21900000208,Toyota,Corolla,1907,2188,202.97,,,,,,,,,,,,,,,,,,,,,,,,,,,,,,,,
,398,21900000209,Toyota,Corolla,1908,2189,202.98,,,,,,,,,,,,,,,,,,,,,,,,,,,,,,,,
,399,21900000210,Toyota,Corolla,1909,2190,202.99,,,,,,,,,,,,,,,,,,,,,,,,,,,,,,,,
,400,21900000211,Toyota,Corolla,1910,2191,203.00,,,,,,,,,,,,,,,,,,,,,,,,,,,,,,,,
,401,21900000212,Toyota,Corolla,1911,2192,203.01,,,,,,,,,,,,,,,,,,,,,,,,,,,,,,,,
,402,21900000213,Toyota,Corolla,1912,2193,203.02,,,,,,,,,,,,,,,,,,,,,,,,,,,,,,,,
,403,21900000214,Toyota,Corolla,1913,2194,203.03,,,,,,,,,,,,,,,,,,,,,,,,,,,,,,,,
,404,21900000215,Toyota,Corolla,1914,2195,203.04,,,,,,,,,,,,,,,,,,,,,,,,,,,,,,,,
,405,21900000216,Toyota,Corolla,1915,2196,203.05,,,,,,,,,,,,,,,,,,,,,,,,,,,,,,,,
,406,21900000217,Toyota,Corolla,1916,2197,203.06,,,,,,,,,,,,,,,,,,,,,,,,,,,,,,,,
,407,21900000218,Toyota,Corolla,1917,2198,203.07,,,,,,,,,,,,,,,,,,,,,,,,,,,,,,,,
,408,21900000219,Toyota,Corolla,1918,2199,203.08,,,,,,,,,,,,,,,,,,,,,,,,,,,,,,,,
,409,21900000220,Toyota,Corolla,1919,2200,203.09,,,,,,,,,,,,,,,,,,,,,,,,,,,,,,,,
,410,21900000221,Toyota,Corolla,1920,2201,203.10,,,,,,,,,,,,,,,,,,,,,,,,,,,,,,,,
,411,21900000222,Toyota,Corolla,1921,2202,203.11,,,,,,,,,,,,,,,,,,,,,,,,,,,,,,,,
,412,21900000223,Toyota,Corolla,1922,2203,203.12,,,,,,,,,,,,,,,,,,,,,,,,,,,,,,,,
,413,21900000224,Toyota,Corolla,1923,2204,203.13,,,,,,,,,,,,,,,,,,,,,,,,,,,,,,,,
,414,21900000225,Toyota,Corolla,1924,2205,203.14,,,,,,,,,,,,,,,,,,,,,,,,,,,,,,,,
,415,21900000226,Toyota,Corolla,1925,2206,203.15,,,,,,,,,,,,,,,,,,,,,,,,,,,,,,,,
,416,21900000227,Toyota,Corolla,1926,2207,203.16,,,,,,,,,,,,,,,,,,,,,,,,,,,,,,,,
,417,21900000228,Toyota,Corolla,1927,2208,203.17,,,,,,,,,,,,,,,,,,,,,,,,,,,,,,,,
,418,21900000229,Toyota,Corolla,1928,2209,203.18,,,,,,,,,,,,,,,,,,,,,,,,,,,,,,,,
,419,21900000230,Toyota,Corolla,1929,2210,203.19,,,,,,,,,,,,,,,,,,,,,,,,,,,,,,,,
,420,21900000231,Toyota,Corolla,1930,2211,203.20,,,,,,,,,,,,,,,,,,,,,,,,,,,,,,,,
,421,21900000232,Toyota,Corolla,1931,2212,203.21,,,,,,,,,,,,,,,,,,,,,,,,,,,,,,,,
,422,21900000233,Toyota,Corolla,1932,2213,203.22,,,,,,,,,,,,,,,,,,,,,,,,,,,,,,,,
,423,21900000234,Toyota,Corolla,1933,2214,203.23,,,,,,,,,,,,,,,,,,,,,,,,,,,,,,,,
,424,21900000235,Toyota,Corolla,1934,2215,203.24,,,,,,,,,,,,,,,,,,,,,,,,,,,,,,,,
,425,21900000236,Toyota,Corolla,1935,2216,203.25,,,,,,,,,,,,,,,,,,,,,,,,,,,,,,,,
,426,21900000237,Toyota,Corolla,1936,2217,203.26,,,,,,,,,,,,,,,,,,,,,,,,,,,,,,,,
,427,21900000238,Toyota,Corolla,1937,2218,203.27,,,,,,,,,,,,,,,,,,,,,,,,,,,,,,,,
,428,21900000239,Toyota,Corolla,1938,2219,203.28,,,,,,,,,,,,,,,,,,,,,,,,,,,,,,,,
,429,21900000240,Toyota,Corolla,1939,2220,203.29,,,,,,,,,,,,,,,,,,,,,,,,,,,,,,,,
,430,21900000241,Toyota,Corolla,1940,2221,203.30,,,,,,,,,,,,,,,,,,,,,,,,,,,,,,,,
,431,21900000242,Toyota,Corolla,1941,2222,203.31,,,,,,,,,,,,,,,,,,,,,,,,,,,,,,,,
,432,21900000243,Toyota,Corolla,1942,2223,203.32,,,,,,,,,,,,,,,,,,,,,,,,,,,,,,,,
,433,21900000244,Toyota,Corolla,1943,2224,203.33,,,,,,,,,,,,,,,,,,,,,,,,,,,,,,,,
,434,21900000245,Toyota,Corolla,1944,2225,203.34,,,,,,,,,,,,,,,,,,,,,,,,,,,,,,,,
,435,21900000246,Toyota,Corolla,1945,2226,203.35,,,,,,,,,,,,,,,,,,,,,,,,,,,,,,,,
,436,21900000247,Toyota,Corolla,1946,2227,203.36,,,,,,,,,,,,,,,,,,,,,,,,,,,,,,,,
,437,21900000248,Toyota,Corolla,1947,2228,203.37,,,,,,,,,,,,,,,,,,,,,,,,,,,,,,,,
,438,21900000249,Toyota,Corolla,1948,2229,203.38,,,,,,,,,,,,,,,,,,,,,,,,,,,,,,,,
,439,21900000250,Toyota,Corolla,1949,2230,203.39,,,,,,,,,,,,,,,,,,,,,,,,,,,,,,,,
,440,21900000251,Toyota,Corolla,1950,2231,203.40,,,,,,,,,,,,,,,,,,,,,,,,,,,,,,,,
,441,21900000252,Toyota,Corolla,1951,2232,203.41,,,,,,,,,,,,,,,,,,,,,,,,,,,,,,,,
,442,21900000253,Toyota,Corolla,1952,2233,203.42,,,,,,,,,,,,,,,,,,,,,,,,,,,,,,,,
,443,21900000254,Toyota,Corolla,1953,2234,203.43,,,,,,,,,,,,,,,,,,,,,,,,,,,,,,,,
,444,21900000255,Toyota,Corolla,1954,2235,203.44,,,,,,,,,,,,,,,,,,,,,,,,,,,,,,,,
,445,21900000256,Toyota,Corolla,1955,2236,203.45,,,,,,,,,,,,,,,,,,,,,,,,,,,,,,,,
,446,21900000257,Toyota,Corolla,1956,2237,203.46,,,,,,,,,,,,,,,,,,,,,,,,,,,,,,,,
,447,21900000258,Toyota,Corolla,1957,2238,203.47,,,,,,,,,,,,,,,,,,,,,,,,,,,,,,,,
,448,21900000259,Toyota,Corolla,1958,2239,203.48,,,,,,,,,,,,,,,,,,,,,,,,,,,,,,,,
,449,21900000260,Toyota,Corolla,1959,2240,203.49,,,,,,,,,,,,,,,,,,,,,,,,,,,,,,,,
,450,21900000261,Toyota,Corolla,1960,2241,203.50,,,,,,,,,,,,,,,,,,,,,,,,,,,,,,,,
,451,21900000262,Toyota,Corolla,1961,2242,203.51,,,,,,,,,,,,,,,,,,,,,,,,,,,,,,,,
,452,21900000263,Toyota,Corolla,1962,2243,203.52,,,,,,,,,,,,,,,,,,,,,,,,,,,,,,,,
,453,21900000264,Toyota,Corolla,1963,2244,203.53,,,,,,,,,,,,,,,,,,,,,,,,,,,,,,,,
,454,21900000265,Toyota,Corolla,1964,2245,203.54,,,,,,,,,,,,,,,,,,,,,,,,,,,,,,,,
,455,21900000266,Toyota,Corolla,1965,2246,203.55,,,,,,,,,,,,,,,,,,,,,,,,,,,,,,,,
,456,21900000267,Toyota,Corolla,1966,2247,203.56,,,,,,,,,,,,,,,,,,,,,,,,,,,,,,,,
,457,21900000268,Toyota,Corolla,1967,2248,203.57,,,,,,,,,,,,,,,,,,,,,,,,,,,,,,,,
,458,21900000269,Toyota,Corolla,1968,2249,203.58,,,,,,,,,,,,,,,,,,,,,,,,,,,,,,,,
,459,21900000270,Toyota,Corolla,1969,2250,203.59,,,,,,,,,,,,,,,,,,,,,,,,,,,,,,,,
,460,21900000271,Toyota,Corolla,1970,2251,203.60,,,,,,,,,,,,,,,,,,,,,,,,,,,,,,,,
,461,21900000272,Toyota,Corolla,1971,2252,203.61,,,,,,,,,,,,,,,,,,,,,,,,,,,,,,,,
,462,21900000273,Toyota,Corolla,1972,2253,203.62,,,,,,,,,,,,,,,,,,,,,,,,,,,,,,,,
,463,21900000274,Toyota,Corolla,1973,2254,203.63,,,,,,,,,,,,,,,,,,,,,,,,,,,,,,,,
,464,21900000275,Toyota,Corolla,1974,2255,203.64,,,,,,,,,,,,,,,,,,,,,,,,,,,,,,,,
,465,21900000276,Toyota,Corolla,1975,2256,203.65,,,,,,,,,,,,,,,,,,,,,,,,,,,,,,,,
,466,21900000277,Toyota,Corolla,1976,2257,203.66,,,,,,,,,,,,,,,,,,,,,,,,,,,,,,,,
,467,21900000278,Toyota,Corolla,1977,2258,203.67,,,,,,,,,,,,,,,,,,,,,,,,,,,,,,,,
,468,21900000279,Toyota,Corolla,1978,2259,203.68,,,,,,,,,,,,,,,,,,,,,,,,,,,,,,,,
,469,21900000280,Toyota,Corolla,1979,2260,203.69,,,,,,,,,,,,,,,,,,,,,,,,,,,,,,,,
,470,21900000281,Toyota,Corolla,1980,2261,203.70,,,,,,,,,,,,,,,,,,,,,,,,,,,,,,,,
,471,21900000282,Toyota,Corolla,1981,2262,203.71,,,,,,,,,,,,,,,,,,,,,,,,,,,,,,,,
,472,21900000283,Toyota,Corolla,1982,2263,203.72,,,,,,,,,,,,,,,,,,,,,,,,,,,,,,,,
,473,21900000284,Toyota,Corolla,1983,2264,203.73,,,,,,,,,,,,,,,,,,,,,,,,,,,,,,,,
,474,21900000285,Toyota,Corolla,1984,2265,203.74,,,,,,,,,,,,,,,,,,,,,,,,,,,,,,,,
,475,21900000286,Toyota,Corolla,1985,2266,203.75,,,,,,,,,,,,,,,,,,,,,,,,,,,,,,,,
,476,21900000287,Toyota,Corolla,1986,2267,203.76,,,,,,,,,,,,,,,,,,,,,,,,,,,,,,,,
,477,21900000288,Toyota,Corolla,1987,2268,203.77,,,,,,,,,,,,,,,,,,,,,,,,,,,,,,,,
,478,21900000289,Toyota,Corolla,1988,2269,203.78,,,,,,,,,,,,,,,,,,,,,,,,,,,,,,,,
,479,21900000290,Toyota,Corolla,1989,2270,203.79,,,,,,,,,,,,,,,,,,,,,,,,,,,,,,,,
,480,21900000291,Toyota,Corolla,1990,2271,203.80,,,,,,,,,,,,,,,,,,,,,,,,,,,,,,,,
,481,21900000292,Toyota,Corolla,1991,2272,203.81,,,,,,,,,,,,,,,,,,,,,,,,,,,,,,,,
,482,21900000293,Toyota,Corolla,1992,2273,203.82,,,,,,,,,,,,,,,,,,,,,,,,,,,,,,,,
,483,21900000294,Toyota,Corolla,1993,2274,203.83,,,,,,,,,,,,,,,,,,,,,,,,,,,,,,,,
,484,21900000295,Toyota,Corolla,1994,2275,203.84,,,,,,,,,,,,,,,,,,,,,,,,,,,,,,,,
,485,21900000296,Toyota,Corolla,1995,2276,203.85,,,,,,,,,,,,,,,,,,,,,,,,,,,,,,,,
,486,21900000297,Toyota,Corolla,1996,2277,203.86,,,,,,,,,,,,,,,,,,,,,,,,,,,,,,,,
,487,21900000298,Toyota,Corolla,1997,2278,203.87,,,,,,,,,,,,,,,,,,,,,,,,,,,,,,,,
,488,21900000299,Toyota,Corolla,1998,2279,203.88,,,,,,,,,,,,,,,,,,,,,,,,,,,,,,,,
,489,21900000300,Toyota,Corolla,1999,2280,203.89,,,,,,,,,,,,,,,,,,,,,,,,,,,,,,,,
,490,21900000301,Toyota,Corolla,2000,2281,203.90,,,,,,,,,,,,,,,,,,,,,,,,,,,,,,,,
,491,21900000302,Toyota,Corolla,2001,2282,203.91,,,,,,,,,,,,,,,,,,,,,,,,,,,,,,,,
,492,21900000303,Toyota,Corolla,2002,2283,203.92,,,,,,,,,,,,,,,,,,,,,,,,,,,,,,,,
,493,21900000304,Toyota,Corolla,2003,2284,203.93,,,,,,,,,,,,,,,,,,,,,,,,,,,,,,,,
,494,21900000305,Toyota,Corolla,2004,2285,203.94,,,,,,,,,,,,,,,,,,,,,,,,,,,,,,,,
,495,21900000306,Toyota,Corolla,2005,2286,203.95,,,,,,,,,,,,,,,,,,,,,,,,,,,,,,,,
,496,21900000307,Toyota,Corolla,2006,2287,203.96,,,,,,,,,,,,,,,,,,,,,,,,,,,,,,,,
,497,21900000308,Toyota,Corolla,2007,2288,203.97,,,,,,,,,,,,,,,,,,,,,,,,,,,,,,,,
,498,21900000309,Toyota,Corolla,2008,2289,203.98,,,,,,,,,,,,,,,,,,,,,,,,,,,,,,,,
,499,21900000310,Toyota,Corolla,2009,2290,203.99,,,,,,,,,,,,,,,,,,,,,,,,,,,,,,,,
,500,21900000311,Toyota,Corolla,2010,2291,204.00,,,,,,,,,,,,,,,,,,,,,,,,,,,,,,,,
,501,21900000312,Toyota,Corolla,2011,2292,204.01,,,,,,,,,,,,,,,,,,,,,,,,,,,,,,,,
,502,21900000313,Toyota,Corolla,2012,2293,204.02,,,,,,,,,,,,,,,,,,,,,,,,,,,,,,,,
,503,21900000314,Toyota,Corolla,2013,2294,204.03,,,,,,,,,,,,,,,,,,,,,,,,,,,,,,,,
,504,21900000315,Toyota,Corolla,2014,2295,204.04,,,,,,,,,,,,,,,,,,,,,,,,,,,,,,,,
,505,21900000316,Toyota,Corolla,2015,2296,204.05,,,,,,,,,,,,,,,,,,,,,,,,,,,,,,,,
,506,21900000317,Toyota,Corolla,2016,2297,204.06,,,,,,,,,,,,,,,,,,,,,,,,,,,,,,,,
,507,21900000318,Toyota,Corolla,2017,2298,204.07,,,,,,,,,,,,,,,,,,,,,,,,,,,,,,,,
,508,21900000319,Toyota,Corolla,2018,2299,204.08,,,,,,,,,,,,,,,,,,,,,,,,,,,,,,,,
,509,21900000320,Toyota,Corolla,2019,2300,204.09,,,,,,,,,,,,,,,,,,,,,,,,,,,,,,,,
,510,21900000321,Toyota,Corolla,2020,2301,204.10,,,,,,,,,,,,,,,,,,,,,,,,,,,,,,,,
,511,21900000322,Toyota,Corolla,2021,2302,204.11,,,,,,,,,,,,,,,,,,,,,,,,,,,,,,,,
,512,21900000323,Toyota,Corolla,2022,2303,204.12,,,,,,,,,,,,,,,,,,,,,,,,,,,,,,,,
,513,21900000324,Toyota,Corolla,2023,2304,204.13,,,,,,,,,,,,,,,,,,,,,,,,,,,,,,,,
,514,21900000325,Toyota,Corolla,2024,2305,204.14,,,,,,,,,,,,,,,,,,,,,,,,,,,,,,,,
,515,21900000326,Toyota,Corolla,2025,2306,204.15,,,,,,,,,,,,,,,,,,,,,,,,,,,,,,,,
,516,21900000327,Toyota,Corolla,2026,2307,204.16,,,,,,,,,,,,,,,,,,,,,,,,,,,,,,,,
,517,21900000328,Toyota,Corolla,2027,2308,204.17,,,,,,,,,,,,,,,,,,,,,,,,,,,,,,,,
,518,21900000329,Toyota,Corolla,2028,2309,204.18,,,,,,,,,,,,,,,,,,,,,,,,,,,,,,,,
,519,21900000330,Toyota,Corolla,2029,2310,204.19,,,,,,,,,,,,,,,,,,,,,,,,,,,,,,,,
,520,21900000331,Toyota,Corolla,2030,2311,204.20,,,,,,,,,,,,,,,,,,,,,,,,,,,,,,,,
,521,21900000332,Toyota,Corolla,2031,2312,204.21,,,,,,,,,,,,,,,,,,,,,,,,,,,,,,,,
,522,21900000333,Toyota,Corolla,2032,2313,204.22,,,,,,,,,,,,,,,,,,,,,,,,,,,,,,,,
,523,21900000334,Toyota,Corolla,2033,2314,204.23,,,,,,,,,,,,,,,,,,,,,,,,,,,,,,,,
,524,21900000335,Toyota,Corolla,2034,2315,204.24,,,,,,,,,,,,,,,,,,,,,,,,,,,,,,,,
,525,21900000336,Toyota,Corolla,2035,2316,204.25,,,,,,,,,,,,,,,,,,,,,,,,,,,,,,,,
,526,21900000337,Toyota,Corolla,2036,2317,204.26,,,,,,,,,,,,,,,,,,,,,,,,,,,,,,,,
,527,21900000338,Toyota,Corolla,2037,2318,204.27,,,,,,,,,,,,,,,,,,,,,,,,,,,,,,,,
,528,21900000339,Toyota,Corolla,2038,2319,204.28,,,,,,,,,,,,,,,,,,,,,,,,,,,,,,,,
,529,21900000340,Toyota,Corolla,2039,2320,204.29,,,,,,,,,,,,,,,,,,,,,,,,,,,,,,,,
,530,21900000341,Toyota,Corolla,2040,2321,204.30,,,,,,,,,,,,,,,,,,,,,,,,,,,,,,,,
,531,21900000342,Toyota,Corolla,2041,2322,204.31,,,,,,,,,,,,,,,,,,,,,,,,,,,,,,,,
,532,21900000343,Toyota,Corolla,2042,2323,204.32,,,,,,,,,,,,,,,,,,,,,,,,,,,,,,,,
,533,21900000344,Toyota,Corolla,2043,2324,204.33,,,,,,,,,,,,,,,,,,,,,,,,,,,,,,,,
,534,21900000345,Toyota,Corolla,2044,2325,204.34,,,,,,,,,,,,,,,,,,,,,,,,,,,,,,,,
,535,21900000346,Toyota,Corolla,2045,2326,204.35,,,,,,,,,,,,,,,,,,,,,,,,,,,,,,,,
,536,21900000347,Toyota,Corolla,2046,2327,204.36,,,,,,,,,,,,,,,,,,,,,,,,,,,,,,,,
,537,21900000348,Toyota,Corolla,2047,2328,204.37,,,,,,,,,,,,,,,,,,,,,,,,,,,,,,,,
,538,21900000349,Toyota,Corolla,2048,2329,204.38,,,,,,,,,,,,,,,,,,,,,,,,,,,,,,,,
,539,21900000350,Toyota,Corolla,2049,2330,204.39,,,,,,,,,,,,,,,,,,,,,,,,,,,,,,,,
,540,21900000351,Toyota,Corolla,2050,2331,204.40,,,,,,,,,,,,,,,,,,,,,,,,,,,,,,,,
,541,21900000352,Toyota,Corolla,2051,2332,204.41,,,,,,,,,,,,,,,,,,,,,,,,,,,,,,,,
,542,21900000353,Toyota,Corolla,2052,2333,204.42,,,,,,,,,,,,,,,,,,,,,,,,,,,,,,,,
,543,21900000354,Toyota,Corolla,2053,2334,204.43,,,,,,,,,,,,,,,,,,,,,,,,,,,,,,,,
,544,21900000355,Toyota,Corolla,2054,2335,204.44,,,,,,,,,,,,,,,,,,,,,,,,,,,,,,,,
,545,21900000356,Toyota,Corolla,2055,2336,204.45,,,,,,,,,,,,,,,,,,,,,,,,,,,,,,,,
,546,21900000357,Toyota,Corolla,2056,2337,204.46,,,,,,,,,,,,,,,,,,,,,,,,,,,,,,,,
,547,21900000358,Toyota,Corolla,2057,2338,204.47,,,,,,,,,,,,,,,,,,,,,,,,,,,,,,,,
,548,21900000359,Toyota,Corolla,2058,2339,204.48,,,,,,,,,,,,,,,,,,,,,,,,,,,,,,,,
,549,21900000360,Toyota,Corolla,2059,2340,204.49,,,,,,,,,,,,,,,,,,,,,,,,,,,,,,,,
,550,21900000361,Toyota,Corolla,2060,2341,204.50,,,,,,,,,,,,,,,,,,,,,,,,,,,,,,,,
,551,21900000362,Toyota,Corolla,2061,2342,204.51,,,,,,,,,,,,,,,,,,,,,,,,,,,,,,,,
,552,21900000363,Toyota,Corolla,2062,2343,204.52,,,,,,,,,,,,,,,,,,,,,,,,,,,,,,,,
,553,21900000364,Toyota,Corolla,2063,2344,204.53,,,,,,,,,,,,,,,,,,,,,,,,,,,,,,,,
,554,21900000365,Toyota,Corolla,2064,2345,204.54,,,,,,,,,,,,,,,,,,,,,,,,,,,,,,,,
,555,21900000366,Toyota,Corolla,2065,2346,204.55,,,,,,,,,,,,,,,,,,,,,,,,,,,,,,,,
,556,21900000367,Toyota,Corolla,2066,2347,204.56,,,,,,,,,,,,,,,,,,,,,,,,,,,,,,,,
,557,21900000368,Toyota,Corolla,2067,2348,204.57,,,,,,,,,,,,,,,,,,,,,,,,,,,,,,,,
,558,21900000369,Toyota,Corolla,2068,2349,204.58,,,,,,,,,,,,,,,,,,,,,,,,,,,,,,,,
,559,21900000370,Toyota,Corolla,2069,2350,204.59,,,,,,,,,,,,,,,,,,,,,,,,,,,,,,,,
,560,21900000371,Toyota,Corolla,2070,2351,204.60,,,,,,,,,,,,,,,,,,,,,,,,,,,,,,,,
,561,21900000372,Toyota,Corolla,2071,2352,204.61,,,,,,,,,,,,,,,,,,,,,,,,,,,,,,,,
,562,21900000373,Toyota,Corolla,2072,2353,204.62,,,,,,,,,,,,,,,,,,,,,,,,,,,,,,,,
,563,21900000374,Toyota,Corolla,2073,2354,204.63,,,,,,,,,,,,,,,,,,,,,,,,,,,,,,,,
,564,21900000375,Toyota,Corolla,2074,2355,204.64,,,,,,,,,,,,,,,,,,,,,,,,,,,,,,,,
,565,21900000376,Toyota,Corolla,2075,2356,204.65,,,,,,,,,,,,,,,,,,,,,,,,,,,,,,,,
,566,21900000377,Toyota,Corolla,2076,2357,204.66,,,,,,,,,,,,,,,,,,,,,,,,,,,,,,,,
,567,21900000378,Toyota,Corolla,2077,2358,204.67,,,,,,,,,,,,,,,,,,,,,,,,,,,,,,,,
,568,21900000379,Toyota,Corolla,2078,2359,204.68,,,,,,,,,,,,,,,,,,,,,,,,,,,,,,,,
,569,21900000380,Toyota,Corolla,2079,2360,204.69,,,,,,,,,,,,,,,,,,,,,,,,,,,,,,,,
,570,21900000381,Toyota,Corolla,2080,2361,204.70,,,,,,,,,,,,,,,,,,,,,,,,,,,,,,,,
,571,21900000382,Toyota,Corolla,2081,2362,204.71,,,,,,,,,,,,,,,,,,,,,,,,,,,,,,,,
,572,21900000383,Toyota,Corolla,2082,2363,204.72,,,,,,,,,,,,,,,,,,,,,,,,,,,,,,,,
,573,21900000384,Toyota,Corolla,2083,2364,204.73,,,,,,,,,,,,,,,,,,,,,,,,,,,,,,,,
,574,21900000385,Toyota,Corolla,2084,2365,204.74,,,,,,,,,,,,,,,,,,,,,,,,,,,,,,,,
,575,21900000386,Toyota,Corolla,2085,2366,204.75,,,,,,,,,,,,,,,,,,,,,,,,,,,,,,,,
,576,21900000387,Toyota,Corolla,2086,2367,204.76,,,,,,,,,,,,,,,,,,,,,,,,,,,,,,,,
,577,21900000388,Toyota,Corolla,2087,2368,204.77,,,,,,,,,,,,,,,,,,,,,,,,,,,,,,,,
,578,21900000389,Toyota,Corolla,2088,2369,204.78,,,,,,,,,,,,,,,,,,,,,,,,,,,,,,,,
,579,21900000390,Toyota,Corolla,2089,2370,204.79,,,,,,,,,,,,,,,,,,,,,,,,,,,,,,,,
,580,21900000391,Toyota,Corolla,2090,2371,204.80,,,,,,,,,,,,,,,,,,,,,,,,,,,,,,,,
,581,21900000392,Toyota,Corolla,2091,2372,204.81,,,,,,,,,,,,,,,,,,,,,,,,,,,,,,,,
,582,21900000393,Toyota,Corolla,2092,2373,204.82,,,,,,,,,,,,,,,,,,,,,,,,,,,,,,,,
,583,21900000394,Toyota,Corolla,2093,2374,204.83,,,,,,,,,,,,,,,,,,,,,,,,,,,,,,,,
,584,21900000395,Toyota,Corolla,2094,2375,204.84,,,,,,,,,,,,,,,,,,,,,,,,,,,,,,,,
,585,21900000396,Toyota,Corolla,2095,2376,204.85,,,,,,,,,,,,,,,,,,,,,,,,,,,,,,,,
,586,21900000397,Toyota,Corolla,2096,2377,204.86,,,,,,,,,,,,,,,,,,,,,,,,,,,,,,,,
,587,21900000398,Toyota,Corolla,2097,2378,204.87,,,,,,,,,,,,,,,,,,,,,,,,,,,,,,,,
,588,21900000399,Toyota,Corolla,2098,2379,204.88,,,,,,,,,,,,,,,,,,,,,,,,,,,,,,,,
,589,21900000400,Toyota,Corolla,2099,2380,204.89,,,,,,,,,,,,,,,,,,,,,,,,,,,,,,,,
,590,21900000401,Toyota,Corolla,2100,2381,204.90,,,,,,,,,,,,,,,,,,,,,,,,,,,,,,,,
,591,21900000402,Toyota,Corolla,2101,2382,204.91,,,,,,,,,,,,,,,,,,,,,,,,,,,,,,,,
,592,21900000403,Toyota,Corolla,2102,2383,204.92,,,,,,,,,,,,,,,,,,,,,,,,,,,,,,,,
,593,21900000404,Toyota,Corolla,2103,2384,204.93,,,,,,,,,,,,,,,,,,,,,,,,,,,,,,,,
,594,21900000405,Toyota,Corolla,2104,2385,204.94,,,,,,,,,,,,,,,,,,,,,,,,,,,,,,,,
,595,21900000406,Toyota,Corolla,2105,2386,204.95,,,,,,,,,,,,,,,,,,,,,,,,,,,,,,,,
,596,21900000407,Toyota,Corolla,2106,2387,204.96,,,,,,,,,,,,,,,,,,,,,,,,,,,,,,,,
,597,21900000408,Toyota,Corolla,2107,2388,204.97,,,,,,,,,,,,,,,,,,,,,,,,,,,,,,,,
,598,21900000409,Toyota,Corolla,2108,2389,204.98,,,,,,,,,,,,,,,,,,,,,,,,,,,,,,,,
,599,21900000410,Toyota,Corolla,2109,2390,204.99,,,,,,,,,,,,,,,,,,,,,,,,,,,,,,,,
,600,21900000411,Toyota,Corolla,2110,2391,205.00,,,,,,,,,,,,,,,,,,,,,,,,,,,,,,,,
,601,21900000412,Toyota,Corolla,2111,2392,205.01,,,,,,,,,,,,,,,,,,,,,,,,,,,,,,,,
,602,21900000413,Toyota,Corolla,2112,2393,205.02,,,,,,,,,,,,,,,,,,,,,,,,,,,,,,,,
,603,21900000414,Toyota,Corolla,2113,2394,205.03,,,,,,,,,,,,,,,,,,,,,,,,,,,,,,,,
,604,21900000415,Toyota,Corolla,2114,2395,205.04,,,,,,,,,,,,,,,,,,,,,,,,,,,,,,,,
,605,21900000416,Toyota,Corolla,2115,2396,205.05,,,,,,,,,,,,,,,,,,,,,,,,,,,,,,,,
,606,21900000417,Toyota,Corolla,2116,2397,205.06,,,,,,,,,,,,,,,,,,,,,,,,,,,,,,,,
,607,21900000418,Toyota,Corolla,2117,2398,205.07,,,,,,,,,,,,,,,,,,,,,,,,,,,,,,,,
,608,21900000419,Toyota,Corolla,2118,2399,205.08,,,,,,,,,,,,,,,,,,,,,,,,,,,,,,,,
,609,21900000420,Toyota,Corolla,2119,2400,205.09,,,,,,,,,,,,,,,,,,,,,,,,,,,,,,,,
,610,21900000421,Toyota,Corolla,2120,2401,205.10,,,,,,,,,,,,,,,,,,,,,,,,,,,,,,,,
,611,21900000422,Toyota,Corolla,2121,2402,205.11,,,,,,,,,,,,,,,,,,,,,,,,,,,,,,,,
,612,21900000423,Toyota,Corolla,2122,2403,205.12,,,,,,,,,,,,,,,,,,,,,,,,,,,,,,,,
,613,21900000424,Toyota,Corolla,2123,2404,205.13,,,,,,,,,,,,,,,,,,,,,,,,,,,,,,,,
,614,21900000425,Toyota,Corolla,2124,2405,205.14,,,,,,,,,,,,,,,,,,,,,,,,,,,,,,,,
,615,21900000426,Toyota,Corolla,2125,2406,205.15,,,,,,,,,,,,,,,,,,,,,,,,,,,,,,,,
,616,21900000427,Toyota,Corolla,2126,2407,205.16,,,,,,,,,,,,,,,,,,,,,,,,,,,,,,,,
,617,21900000428,Toyota,Corolla,2127,2408,205.17,,,,,,,,,,,,,,,,,,,,,,,,,,,,,,,,
,618,21900000429,Toyota,Corolla,2128,2409,205.18,,,,,,,,,,,,,,,,,,,,,,,,,,,,,,,,
,619,21900000430,Toyota,Corolla,2129,2410,205.19,,,,,,,,,,,,,,,,,,,,,,,,,,,,,,,,
,620,21900000431,Toyota,Corolla,2130,2411,205.20,,,,,,,,,,,,,,,,,,,,,,,,,,,,,,,,
,621,21900000432,Toyota,Corolla,2131,2412,205.21,,,,,,,,,,,,,,,,,,,,,,,,,,,,,,,,
,622,21900000433,Toyota,Corolla,2132,2413,205.22,,,,,,,,,,,,,,,,,,,,,,,,,,,,,,,,
,623,21900000434,Toyota,Corolla,2133,2414,205.23,,,,,,,,,,,,,,,,,,,,,,,,,,,,,,,,
,624,21900000435,Toyota,Corolla,2134,2415,205.24,,,,,,,,,,,,,,,,,,,,,,,,,,,,,,,,
,625,21900000436,Toyota,Corolla,2135,2416,205.25,,,,,,,,,,,,,,,,,,,,,,,,,,,,,,,,
,626,21900000437,Toyota,Corolla,2136,2417,205.26,,,,,,,,,,,,,,,,,,,,,,,,,,,,,,,,
,627,21900000438,Toyota,Corolla,2137,2418,205.27,,,,,,,,,,,,,,,,,,,,,,,,,,,,,,,,
,628,21900000439,Toyota,Corolla,2138,2419,205.28,,,,,,,,,,,,,,,,,,,,,,,,,,,,,,,,
,629,21900000440,Toyota,Corolla,2139,2420,205.29,,,,,,,,,,,,,,,,,,,,,,,,,,,,,,,,
,630,21900000441,Toyota,Corolla,2140,2421,205.30,,,,,,,,,,,,,,,,,,,,,,,,,,,,,,,,
,631,21900000442,Toyota,Corolla,2141,2422,205.31,,,,,,,,,,,,,,,,,,,,,,,,,,,,,,,,
,632,21900000443,Toyota,Corolla,2142,2423,205.32,,,,,,,,,,,,,,,,,,,,,,,,,,,,,,,,
,633,21900000444,Toyota,Corolla,2143,2424,205.33,,,,,,,,,,,,,,,,,,,,,,,,,,,,,,,,
,634,21900000445,Toyota,Corolla,2144,2425,205.34,,,,,,,,,,,,,,,,,,,,,,,,,,,,,,,,
,635,21900000446,Toyota,Corolla,2145,2426,205.35,,,,,,,,,,,,,,,,,,,,,,,,,,,,,,,,
,636,21900000447,Toyota,Corolla,2146,2427,205.36,,,,,,,,,,,,,,,,,,,,,,,,,,,,,,,,
,637,21900000448,Toyota,Corolla,2147,2428,205.37,,,,,,,,,,,,,,,,,,,,,,,,,,,,,,,,
,638,21900000449,Toyota,Corolla,2148,2429,205.38,,,,,,,,,,,,,,,,,,,,,,,,,,,,,,,,
,639,21900000450,Toyota,Corolla,2149,2430,205.39,,,,,,,,,,,,,,,,,,,,,,,,,,,,,,,,
,640,21900000451,Toyota,Corolla,2150,2431,205.40,,,,,,,,,,,,,,,,,,,,,,,,,,,,,,,,
,641,21900000452,Toyota,Corolla,2151,2432,205.41,,,,,,,,,,,,,,,,,,,,,,,,,,,,,,,,
,642,21900000453,Toyota,Corolla,2152,2433,205.42,,,,,,,,,,,,,,,,,,,,,,,,,,,,,,,,
,643,21900000454,Toyota,Corolla,2153,2434,205.43,,,,,,,,,,,,,,,,,,,,,,,,,,,,,,,,
,644,21900000455,Toyota,Corolla,2154,2435,205.44,,,,,,,,,,,,,,,,,,,,,,,,,,,,,,,,
,645,21900000456,Toyota,Corolla,2155,2436,205.45,,,,,,,,,,,,,,,,,,,,,,,,,,,,,,,,
,646,21900000457,Toyota,Corolla,2156,2437,205.46,,,,,,,,,,,,,,,,,,,,,,,,,,,,,,,,
,647,21900000458,Toyota,Corolla,2157,2438,205.47,,,,,,,,,,,,,,,,,,,,,,,,,,,,,,,,
,648,21900000459,Toyota,Corolla,2158,2439,205.48,,,,,,,,,,,,,,,,,,,,,,,,,,,,,,,,
,649,21900000460,Toyota,Corolla,2159,2440,205.49,,,,,,,,,,,,,,,,,,,,,,,,,,,,,,,,
,650,21900000461,Toyota,Corolla,2160,2441,205.50,,,,,,,,,,,,,,,,,,,,,,,,,,,,,,,,
,651,21900000462,Toyota,Corolla,2161,2442,205.51,,,,,,,,,,,,,,,,,,,,,,,,,,,,,,,,
,652,21900000463,Toyota,Corolla,2162,2443,205.52,,,,,,,,,,,,,,,,,,,,,,,,,,,,,,,,
,653,21900000464,Toyota,Corolla,2163,2444,205.53,,,,,,,,,,,,,,,,,,,,,,,,,,,,,,,,
,654,21900000465,Toyota,Corolla,2164,2445,205.54,,,,,,,,,,,,,,,,,,,,,,,,,,,,,,,,
,655,21900000466,Toyota,Corolla,2165,2446,205.55,,,,,,,,,,,,,,,,,,,,,,,,,,,,,,,,
,656,21900000467,Toyota,Corolla,2166,2447,205.56,,,,,,,,,,,,,,,,,,,,,,,,,,,,,,,,
,657,21900000468,Toyota,Corolla,2167,2448,205.57,,,,,,,,,,,,,,,,,,,,,,,,,,,,,,,,
,658,21900000469,Toyota,Corolla,2168,2449,205.58,,,,,,,,,,,,,,,,,,,,,,,,,,,,,,,,
,659,21900000470,Toyota,Corolla,2169,2450,205.59,,,,,,,,,,,,,,,,,,,,,,,,,,,,,,,,
,660,21900000471,Toyota,Corolla,2170,2451,205.60,,,,,,,,,,,,,,,,,,,,,,,,,,,,,,,,
,661,21900000472,Toyota,Corolla,2171,2452,205.61,,,,,,,,,,,,,,,,,,,,,,,,,,,,,,,,
,662,21900000473,Toyota,Corolla,2172,2453,205.62,,,,,,,,,,,,,,,,,,,,,,,,,,,,,,,,
,663,21900000474,Toyota,Corolla,2173,2454,205.63,,,,,,,,,,,,,,,,,,,,,,,,,,,,,,,,
,664,21900000475,Toyota,Corolla,2174,2455,205.64,,,,,,,,,,,,,,,,,,,,,,,,,,,,,,,,
,665,21900000476,Toyota,Corolla,2175,2456,205.65,,,,,,,,,,,,,,,,,,,,,,,,,,,,,,,,
,666,21900000477,Toyota,Corolla,2176,2457,205.66,,,,,,,,,,,,,,,,,,,,,,,,,,,,,,,,
,667,21900000478,Toyota,Corolla,2177,2458,205.67,,,,,,,,,,,,,,,,,,,,,,,,,,,,,,,,
,668,21900000479,Toyota,Corolla,2178,2459,205.68,,,,,,,,,,,,,,,,,,,,,,,,,,,,,,,,
,669,21900000480,Toyota,Corolla,2179,2460,205.69,,,,,,,,,,,,,,,,,,,,,,,,,,,,,,,,
,670,21900000481,Toyota,Corolla,2180,2461,205.70,,,,,,,,,,,,,,,,,,,,,,,,,,,,,,,,
,671,21900000482,Toyota,Corolla,2181,2462,205.71,,,,,,,,,,,,,,,,,,,,,,,,,,,,,,,,
,672,21900000483,Toyota,Corolla,2182,2463,205.72,,,,,,,,,,,,,,,,,,,,,,,,,,,,,,,,
,673,21900000484,Toyota,Corolla,2183,2464,205.73,,,,,,,,,,,,,,,,,,,,,,,,,,,,,,,,
,674,21900000485,Toyota,Corolla,2184,2465,205.74,,,,,,,,,,,,,,,,,,,,,,,,,,,,,,,,
,675,21900000486,Toyota,Corolla,2185,2466,205.75,,,,,,,,,,,,,,,,,,,,,,,,,,,,,,,,
,676,21900000487,Toyota,Corolla,2186,2467,205.76,,,,,,,,,,,,,,,,,,,,,,,,,,,,,,,,
,677,21900000488,Toyota,Corolla,2187,2468,205.77,,,,,,,,,,,,,,,,,,,,,,,,,,,,,,,,
,678,21900000489,Toyota,Corolla,2188,2469,205.78,,,,,,,,,,,,,,,,,,,,,,,,,,,,,,,,
,679,21900000490,Toyota,Corolla,2189,2470,205.79,,,,,,,,,,,,,,,,,,,,,,,,,,,,,,,,
,680,21900000491,Toyota,Corolla,2190,2471,205.80,,,,,,,,,,,,,,,,,,,,,,,,,,,,,,,,
,681,21900000492,Toyota,Corolla,2191,2472,205.81,,,,,,,,,,,,,,,,,,,,,,,,,,,,,,,,
,682,21900000493,Toyota,Corolla,2192,2473,205.82,,,,,,,,,,,,,,,,,,,,,,,,,,,,,,,,
,683,21900000494,Toyota,Corolla,2193,2474,205.83,,,,,,,,,,,,,,,,,,,,,,,,,,,,,,,,
,684,21900000495,Toyota,Corolla,2194,2475,205.84,,,,,,,,,,,,,,,,,,,,,,,,,,,,,,,,
,685,21900000496,Toyota,Corolla,2195,2476,205.85,,,,,,,,,,,,,,,,,,,,,,,,,,,,,,,,
,686,21900000497,Toyota,Corolla,2196,2477,205.86,,,,,,,,,,,,,,,,,,,,,,,,,,,,,,,,
,687,21900000498,Toyota,Corolla,2197,2478,205.87,,,,,,,,,,,,,,,,,,,,,,,,,,,,,,,,
,688,21900000499,Toyota,Corolla,2198,2479,205.88,,,,,,,,,,,,,,,,,,,,,,,,,,,,,,,,
,689,21900000500,Toyota,Corolla,2199,2480,205.89,,,,,,,,,,,,,,,,,,,,,,,,,,,,,,,,
,690,21900000501,Toyota,Corolla,2200,2481,205.90,,,,,,,,,,,,,,,,,,,,,,,,,,,,,,,,
,691,21900000502,Toyota,Corolla,2201,2482,205.91,,,,,,,,,,,,,,,,,,,,,,,,,,,,,,,,
,692,21900000503,Toyota,Corolla,2202,2483,205.92,,,,,,,,,,,,,,,,,,,,,,,,,,,,,,,,
,693,21900000504,Toyota,Corolla,2203,2484,205.93,,,,,,,,,,,,,,,,,,,,,,,,,,,,,,,,
,694,21900000505,Toyota,Corolla,2204,2485,205.94,,,,,,,,,,,,,,,,,,,,,,,,,,,,,,,,
,695,21900000506,Toyota,Corolla,2205,2486,205.95,,,,,,,,,,,,,,,,,,,,,,,,,,,,,,,,
,696,21900000507,Toyota,Corolla,2206,2487,205.96,,,,,,,,,,,,,,,,,,,,,,,,,,,,,,,,
,697,21900000508,Toyota,Corolla,2207,2488,205.97,,,,,,,,,,,,,,,,,,,,,,,,,,,,,,,,
,698,21900000509,Toyota,Corolla,2208,2489,205.98,,,,,,,,,,,,,,,,,,,,,,,,,,,,,,,,
,699,21900000510,Toyota,Corolla,2209,2490,205.99,,,,,,,,,,,,,,,,,,,,,,,,,,,,,,,,
,700,21900000511,Toyota,Corolla,2210,2491,206.00,,,,,,,,,,,,,,,,,,,,,,,,,,,,,,,,
,701,21900000512,Toyota,Corolla,2211,2492,206.01,,,,,,,,,,,,,,,,,,,,,,,,,,,,,,,,
,702,21900000513,Toyota,Corolla,2212,2493,206.02,,,,,,,,,,,,,,,,,,,,,,,,,,,,,,,,
,703,21900000514,Toyota,Corolla,2213,2494,206.03,,,,,,,,,,,,,,,,,,,,,,,,,,,,,,,,
,704,21900000515,Toyota,Corolla,2214,2495,206.04,,,,,,,,,,,,,,,,,,,,,,,,,,,,,,,,
,705,21900000516,Toyota,Corolla,2215,2496,206.05,,,,,,,,,,,,,,,,,,,,,,,,,,,,,,,,
,706,21900000517,Toyota,Corolla,2216,2497,206.06,,,,,,,,,,,,,,,,,,,,,,,,,,,,,,,,
,707,21900000518,Toyota,Corolla,2217,2498,206.07,,,,,,,,,,,,,,,,,,,,,,,,,,,,,,,,
,708,21900000519,Toyota,Corolla,2218,2499,206.08,,,,,,,,,,,,,,,,,,,,,,,,,,,,,,,,
,709,21900000520,Toyota,Corolla,2219,2500,206.09,,,,,,,,,,,,,,,,,,,,,,,,,,,,,,,,
,710,21900000521,Toyota,Corolla,2220,2501,206.10,,,,,,,,,,,,,,,,,,,,,,,,,,,,,,,,
,711,21900000522,Toyota,Corolla,2221,2502,206.11,,,,,,,,,,,,,,,,,,,,,,,,,,,,,,,,
,712,21900000523,Toyota,Corolla,2222,2503,206.12,,,,,,,,,,,,,,,,,,,,,,,,,,,,,,,,
,713,21900000524,Toyota,Corolla,2223,2504,206.13,,,,,,,,,,,,,,,,,,,,,,,,,,,,,,,,
,714,21900000525,Toyota,Corolla,2224,2505,206.14,,,,,,,,,,,,,,,,,,,,,,,,,,,,,,,,
,715,21900000526,Toyota,Corolla,2225,2506,206.15,,,,,,,,,,,,,,,,,,,,,,,,,,,,,,,,
,716,21900000527,Toyota,Corolla,2226,2507,206.16,,,,,,,,,,,,,,,,,,,,,,,,,,,,,,,,
,717,21900000528,Toyota,Corolla,2227,2508,206.17,,,,,,,,,,,,,,,,,,,,,,,,,,,,,,,,
,718,21900000529,Toyota,Corolla,2228,2509,206.18,,,,,,,,,,,,,,,,,,,,,,,,,,,,,,,,
,719,21900000530,Toyota,Corolla,2229,2510,206.19,,,,,,,,,,,,,,,,,,,,,,,,,,,,,,,,
,720,21900000531,Toyota,Corolla,2230,2511,206.20,,,,,,,,,,,,,,,,,,,,,,,,,,,,,,,,
,721,21900000532,Toyota,Corolla,2231,2512,206.21,,,,,,,,,,,,,,,,,,,,,,,,,,,,,,,,
,722,21900000533,Toyota,Corolla,2232,2513,206.22,,,,,,,,,,,,,,,,,,,,,,,,,,,,,,,,
,723,21900000534,Toyota,Corolla,2233,2514,206.23,,,,,,,,,,,,,,,,,,,,,,,,,,,,,,,,
,724,21900000535,Toyota,Corolla,2234,2515,206.24,,,,,,,,,,,,,,,,,,,,,,,,,,,,,,,,
,725,21900000536,Toyota,Corolla,2235,2516,206.25,,,,,,,,,,,,,,,,,,,,,,,,,,,,,,,,
,726,21900000537,Toyota,Corolla,2236,2517,206.26,,,,,,,,,,,,,,,,,,,,,,,,,,,,,,,,
,727,21900000538,Toyota,Corolla,2237,2518,206.27,,,,,,,,,,,,,,,,,,,,,,,,,,,,,,,,
,728,21900000539,Toyota,Corolla,2238,2519,206.28,,,,,,,,,,,,,,,,,,,,,,,,,,,,,,,,
,729,21900000540,Toyota,Corolla,2239,2520,206.29,,,,,,,,,,,,,,,,,,,,,,,,,,,,,,,,
,730,21900000541,Toyota,Corolla,2240,2521,206.30,,,,,,,,,,,,,,,,,,,,,,,,,,,,,,,,
,731,21900000542,Toyota,Corolla,2241,2522,206.31,,,,,,,,,,,,,,,,,,,,,,,,,,,,,,,,
,732,21900000543,Toyota,Corolla,2242,2523,206.32,,,,,,,,,,,,,,,,,,,,,,,,,,,,,,,,
,733,21900000544,Toyota,Corolla,2243,2524,206.33,,,,,,,,,,,,,,,,,,,,,,,,,,,,,,,,
,734,21900000545,Toyota,Corolla,2244,2525,206.34,,,,,,,,,,,,,,,,,,,,,,,,,,,,,,,,
,735,21900000546,Toyota,Corolla,2245,2526,206.35,,,,,,,,,,,,,,,,,,,,,,,,,,,,,,,,
,736,21900000547,Toyota,Corolla,2246,2527,206.36,,,,,,,,,,,,,,,,,,,,,,,,,,,,,,,,
,737,21900000548,Toyota,Corolla,2247,2528,206.37,,,,,,,,,,,,,,,,,,,,,,,,,,,,,,,,
,738,21900000549,Toyota,Corolla,2248,2529,206.38,,,,,,,,,,,,,,,,,,,,,,,,,,,,,,,,
,739,21900000550,Toyota,Corolla,2249,2530,206.39,,,,,,,,,,,,,,,,,,,,,,,,,,,,,,,,
,740,21900000551,Toyota,Corolla,2250,2531,206.40,,,,,,,,,,,,,,,,,,,,,,,,,,,,,,,,
,741,21900000552,Toyota,Corolla,2251,2532,206.41,,,,,,,,,,,,,,,,,,,,,,,,,,,,,,,,
,742,21900000553,Toyota,Corolla,2252,2533,206.42,,,,,,,,,,,,,,,,,,,,,,,,,,,,,,,,
,743,21900000554,Toyota,Corolla,2253,2534,206.43,,,,,,,,,,,,,,,,,,,,,,,,,,,,,,,,
,744,21900000555,Toyota,Corolla,2254,2535,206.44,,,,,,,,,,,,,,,,,,,,,,,,,,,,,,,,
,745,21900000556,Toyota,Corolla,2255,2536,206.45,,,,,,,,,,,,,,,,,,,,,,,,,,,,,,,,
,746,21900000557,Toyota,Corolla,2256,2537,206.46,,,,,,,,,,,,,,,,,,,,,,,,,,,,,,,,
,747,21900000558,Toyota,Corolla,2257,2538,206.47,,,,,,,,,,,,,,,,,,,,,,,,,,,,,,,,
,748,21900000559,Toyota,Corolla,2258,2539,206.48,,,,,,,,,,,,,,,,,,,,,,,,,,,,,,,,
,749,21900000560,Toyota,Corolla,2259,2540,206.49,,,,,,,,,,,,,,,,,,,,,,,,,,,,,,,,
,750,21900000561,Toyota,Corolla,2260,2541,206.50,,,,,,,,,,,,,,,,,,,,,,,,,,,,,,,,
,751,21900000562,Toyota,Corolla,2261,2542,206.51,,,,,,,,,,,,,,,,,,,,,,,,,,,,,,,,
,752,21900000563,Toyota,Corolla,2262,2543,206.52,,,,,,,,,,,,,,,,,,,,,,,,,,,,,,,,
,753,21900000564,Toyota,Corolla,2263,2544,206.53,,,,,,,,,,,,,,,,,,,,,,,,,,,,,,,,
,754,21900000565,Toyota,Corolla,2264,2545,206.54,,,,,,,,,,,,,,,,,,,,,,,,,,,,,,,,
,755,21900000566,Toyota,Corolla,2265,2546,206.55,,,,,,,,,,,,,,,,,,,,,,,,,,,,,,,,
,756,21900000567,Toyota,Corolla,2266,2547,206.56,,,,,,,,,,,,,,,,,,,,,,,,,,,,,,,,
,757,21900000568,Toyota,Corolla,2267,2548,206.57,,,,,,,,,,,,,,,,,,,,,,,,,,,,,,,,
,758,21900000569,Toyota,Corolla,2268,2549,206.58,,,,,,,,,,,,,,,,,,,,,,,,,,,,,,,,
,759,21900000570,Toyota,Corolla,2269,2550,206.59,,,,,,,,,,,,,,,,,,,,,,,,,,,,,,,,
,760,21900000571,Toyota,Corolla,2270,2551,206.60,,,,,,,,,,,,,,,,,,,,,,,,,,,,,,,,
,761,21900000572,Toyota,Corolla,2271,2552,206.61,,,,,,,,,,,,,,,,,,,,,,,,,,,,,,,,
,762,21900000573,Toyota,Corolla,2272,2553,206.62,,,,,,,,,,,,,,,,,,,,,,,,,,,,,,,,
,763,21900000574,Toyota,Corolla,2273,2554,206.63,,,,,,,,,,,,,,,,,,,,,,,,,,,,,,,,
,764,21900000575,Toyota,Corolla,2274,2555,206.64,,,,,,,,,,,,,,,,,,,,,,,,,,,,,,,,
,765,21900000576,Toyota,Corolla,2275,2556,206.65,,,,,,,,,,,,,,,,,,,,,,,,,,,,,,,,
,766,21900000577,Toyota,Corolla,2276,2557,206.66,,,,,,,,,,,,,,,,,,,,,,,,,,,,,,,,
,767,21900000578,Toyota,Corolla,2277,2558,206.67,,,,,,,,,,,,,,,,,,,,,,,,,,,,,,,,
,768,21900000579,Toyota,Corolla,2278,2559,206.68,,,,,,,,,,,,,,,,,,,,,,,,,,,,,,,,
,769,21900000580,Toyota,Corolla,2279,2560,206.69,,,,,,,,,,,,,,,,,,,,,,,,,,,,,,,,
,770,21900000581,Toyota,Corolla,2280,2561,206.70,,,,,,,,,,,,,,,,,,,,,,,,,,,,,,,,
,771,21900000582,Toyota,Corolla,2281,2562,206.71,,,,,,,,,,,,,,,,,,,,,,,,,,,,,,,,
,772,21900000583,Toyota,Corolla,2282,2563,206.72,,,,,,,,,,,,,,,,,,,,,,,,,,,,,,,,
,773,21900000584,Toyota,Corolla,2283,2564,206.73,,,,,,,,,,,,,,,,,,,,,,,,,,,,,,,,
,774,21900000585,Toyota,Corolla,2284,2565,206.74,,,,,,,,,,,,,,,,,,,,,,,,,,,,,,,,
,775,21900000586,Toyota,Corolla,2285,2566,206.75,,,,,,,,,,,,,,,,,,,,,,,,,,,,,,,,
,776,21900000587,Toyota,Corolla,2286,2567,206.76,,,,,,,,,,,,,,,,,,,,,,,,,,,,,,,,
,777,21900000588,Toyota,Corolla,2287,2568,206.77,,,,,,,,,,,,,,,,,,,,,,,,,,,,,,,,
,778,21900000589,Toyota,Corolla,2288,2569,206.78,,,,,,,,,,,,,,,,,,,,,,,,,,,,,,,,
,779,21900000590,Toyota,Corolla,2289,2570,206.79,,,,,,,,,,,,,,,,,,,,,,,,,,,,,,,,
,780,21900000591,Toyota,Corolla,2290,2571,206.80,,,,,,,,,,,,,,,,,,,,,,,,,,,,,,,,
,781,21900000592,Toyota,Corolla,2291,2572,206.81,,,,,,,,,,,,,,,,,,,,,,,,,,,,,,,,
,782,21900000593,Toyota,Corolla,2292,2573,206.82,,,,,,,,,,,,,,,,,,,,,,,,,,,,,,,,
,783,21900000594,Toyota,Corolla,2293,2574,206.83,,,,,,,,,,,,,,,,,,,,,,,,,,,,,,,,
,784,21900000595,Toyota,Corolla,2294,2575,206.84,,,,,,,,,,,,,,,,,,,,,,,,,,,,,,,,
,785,21900000596,Toyota,Corolla,2295,2576,206.85,,,,,,,,,,,,,,,,,,,,,,,,,,,,,,,,
,786,21900000597,Toyota,Corolla,2296,2577,206.86,,,,,,,,,,,,,,,,,,,,,,,,,,,,,,,,
,787,21900000598,Toyota,Corolla,2297,2578,206.87,,,,,,,,,,,,,,,,,,,,,,,,,,,,,,,,
,788,21900000599,Toyota,Corolla,2298,2579,206.88,,,,,,,,,,,,,,,,,,,,,,,,,,,,,,,,
,789,21900000600,Toyota,Corolla,2299,2580,206.89,,,,,,,,,,,,,,,,,,,,,,,,,,,,,,,,
,790,21900000601,Toyota,Corolla,2300,2581,206.90,,,,,,,,,,,,,,,,,,,,,,,,,,,,,,,,
,791,21900000602,Toyota,Corolla,2301,2582,206.91,,,,,,,,,,,,,,,,,,,,,,,,,,,,,,,,
,792,21900000603,Toyota,Corolla,2302,2583,206.92,,,,,,,,,,,,,,,,,,,,,,,,,,,,,,,,
,793,21900000604,Toyota,Corolla,2303,2584,206.93,,,,,,,,,,,,,,,,,,,,,,,,,,,,,,,,
,794,21900000605,Toyota,Corolla,2304,2585,206.94,,,,,,,,,,,,,,,,,,,,,,,,,,,,,,,,
,795,21900000606,Toyota,Corolla,2305,2586,206.95,,,,,,,,,,,,,,,,,,,,,,,,,,,,,,,,
,796,21900000607,Toyota,Corolla,2306,2587,206.96,,,,,,,,,,,,,,,,,,,,,,,,,,,,,,,,
,797,21900000608,Toyota,Corolla,2307,2588,206.97,,,,,,,,,,,,,,,,,,,,,,,,,,,,,,,,
,798,21900000609,Toyota,Corolla,2308,2589,206.98,,,,,,,,,,,,,,,,,,,,,,,,,,,,,,,,
,799,21900000610,Toyota,Corolla,2309,2590,206.99,,,,,,,,,,,,,,,,,,,,,,,,,,,,,,,,
,800,21900000611,Toyota,Corolla,2310,2591,207.00,,,,,,,,,,,,,,,,,,,,,,,,,,,,,,,,
,801,21900000612,Toyota,Corolla,2311,2592,207.01,,,,,,,,,,,,,,,,,,,,,,,,,,,,,,,,
,802,21900000613,Toyota,Corolla,2312,2593,207.02,,,,,,,,,,,,,,,,,,,,,,,,,,,,,,,,
,803,21900000614,Toyota,Corolla,2313,2594,207.03,,,,,,,,,,,,,,,,,,,,,,,,,,,,,,,,
,804,21900000615,Toyota,Corolla,2314,2595,207.04,,,,,,,,,,,,,,,,,,,,,,,,,,,,,,,,
,805,21900000616,Toyota,Corolla,2315,2596,207.05,,,,,,,,,,,,,,,,,,,,,,,,,,,,,,,,
,806,21900000617,Toyota,Corolla,2316,2597,207.06,,,,,,,,,,,,,,,,,,,,,,,,,,,,,,,,
,807,21900000618,Toyota,Corolla,2317,2598,207.07,,,,,,,,,,,,,,,,,,,,,,,,,,,,,,,,
,808,21900000619,Toyota,Corolla,2318,2599,207.08,,,,,,,,,,,,,,,,,,,,,,,,,,,,,,,,
,809,21900000620,Toyota,Corolla,2319,2600,207.09,,,,,,,,,,,,,,,,,,,,,,,,,,,,,,,,
,810,21900000621,Toyota,Corolla,2320,2601,207.10,,,,,,,,,,,,,,,,,,,,,,,,,,,,,,,,
,811,21900000622,Toyota,Corolla,2321,2602,207.11,,,,,,,,,,,,,,,,,,,,,,,,,,,,,,,,
,812,21900000623,Toyota,Corolla,2322,2603,207.12,,,,,,,,,,,,,,,,,,,,,,,,,,,,,,,,
,813,21900000624,Toyota,Corolla,2323,2604,207.13,,,,,,,,,,,,,,,,,,,,,,,,,,,,,,,,
,814,21900000625,Toyota,Corolla,2324,2605,207.14,,,,,,,,,,,,,,,,,,,,,,,,,,,,,,,,
,815,21900000626,Toyota,Corolla,2325,2606,207.15,,,,,,,,,,,,,,,,,,,,,,,,,,,,,,,,
,816,21900000627,Toyota,Corolla,2326,2607,207.16,,,,,,,,,,,,,,,,,,,,,,,,,,,,,,,,
,817,21900000628,Toyota,Corolla,2327,2608,207.17,,,,,,,,,,,,,,,,,,,,,,,,,,,,,,,,
,818,21900000629,Toyota,Corolla,2328,2609,207.18,,,,,,,,,,,,,,,,,,,,,,,,,,,,,,,,
,819,21900000630,Toyota,Corolla,2329,2610,207.19,,,,,,,,,,,,,,,,,,,,,,,,,,,,,,,,
,820,21900000631,Toyota,Corolla,2330,2611,207.20,,,,,,,,,,,,,,,,,,,,,,,,,,,,,,,,
,821,21900000632,Toyota,Corolla,2331,2612,207.21,,,,,,,,,,,,,,,,,,,,,,,,,,,,,,,,
,822,21900000633,Toyota,Corolla,2332,2613,207.22,,,,,,,,,,,,,,,,,,,,,,,,,,,,,,,,
,823,21900000634,Toyota,Corolla,2333,2614,207.23,,,,,,,,,,,,,,,,,,,,,,,,,,,,,,,,
,824,21900000635,Toyota,Corolla,2334,2615,207.24,,,,,,,,,,,,,,,,,,,,,,,,,,,,,,,,
,825,21900000636,Toyota,Corolla,2335,2616,207.25,,,,,,,,,,,,,,,,,,,,,,,,,,,,,,,,
,826,21900000637,Toyota,Corolla,2336,2617,207.26,,,,,,,,,,,,,,,,,,,,,,,,,,,,,,,,
,827,21900000638,Toyota,Corolla,2337,2618,207.27,,,,,,,,,,,,,,,,,,,,,,,,,,,,,,,,
,828,21900000639,Toyota,Corolla,2338,2619,207.28,,,,,,,,,,,,,,,,,,,,,,,,,,,,,,,,
,829,21900000640,Toyota,Corolla,2339,2620,207.29,,,,,,,,,,,,,,,,,,,,,,,,,,,,,,,,
,830,21900000641,Toyota,Corolla,2340,2621,207.30,,,,,,,,,,,,,,,,,,,,,,,,,,,,,,,,
,831,21900000642,Toyota,Corolla,2341,2622,207.31,,,,,,,,,,,,,,,,,,,,,,,,,,,,,,,,
,832,21900000643,Toyota,Corolla,2342,2623,207.32,,,,,,,,,,,,,,,,,,,,,,,,,,,,,,,,
,833,21900000644,Toyota,Corolla,2343,2624,207.33,,,,,,,,,,,,,,,,,,,,,,,,,,,,,,,,
,834,21900000645,Toyota,Corolla,2344,2625,207.34,,,,,,,,,,,,,,,,,,,,,,,,,,,,,,,,
,835,21900000646,Toyota,Corolla,2345,2626,207.35,,,,,,,,,,,,,,,,,,,,,,,,,,,,,,,,
,836,21900000647,Toyota,Corolla,2346,2627,207.36,,,,,,,,,,,,,,,,,,,,,,,,,,,,,,,,
,837,21900000648,Toyota,Corolla,2347,2628,207.37,,,,,,,,,,,,,,,,,,,,,,,,,,,,,,,,
,838,21900000649,Toyota,Corolla,2348,2629,207.38,,,,,,,,,,,,,,,,,,,,,,,,,,,,,,,,
,839,21900000650,Toyota,Corolla,2349,2630,207.39,,,,,,,,,,,,,,,,,,,,,,,,,,,,,,,,
,840,21900000651,Toyota,Corolla,2350,2631,207.40,,,,,,,,,,,,,,,,,,,,,,,,,,,,,,,,
,841,21900000652,Toyota,Corolla,2351,2632,207.41,,,,,,,,,,,,,,,,,,,,,,,,,,,,,,,,
,842,21900000653,Toyota,Corolla,2352,2633,207.42,,,,,,,,,,,,,,,,,,,,,,,,,,,,,,,,
,843,21900000654,Toyota,Corolla,2353,2634,207.43,,,,,,,,,,,,,,,,,,,,,,,,,,,,,,,,
,844,21900000655,Toyota,Corolla,2354,2635,207.44,,,,,,,,,,,,,,,,,,,,,,,,,,,,,,,,
,845,21900000656,Toyota,Corolla,2355,2636,207.45,,,,,,,,,,,,,,,,,,,,,,,,,,,,,,,,
,846,21900000657,Toyota,Corolla,2356,2637,207.46,,,,,,,,,,,,,,,,,,,,,,,,,,,,,,,,
,847,21900000658,Toyota,Corolla,2357,2638,207.47,,,,,,,,,,,,,,,,,,,,,,,,,,,,,,,,
,848,21900000659,Toyota,Corolla,2358,2639,207.48,,,,,,,,,,,,,,,,,,,,,,,,,,,,,,,,
,849,21900000660,Toyota,Corolla,2359,2640,207.49,,,,,,,,,,,,,,,,,,,,,,,,,,,,,,,,
,850,21900000661,Toyota,Corolla,2360,2641,207.50,,,,,,,,,,,,,,,,,,,,,,,,,,,,,,,,
,851,21900000662,Toyota,Corolla,2361,2642,207.51,,,,,,,,,,,,,,,,,,,,,,,,,,,,,,,,
,852,21900000663,Toyota,Corolla,2362,2643,207.52,,,,,,,,,,,,,,,,,,,,,,,,,,,,,,,,
,853,21900000664,Toyota,Corolla,2363,2644,207.53,,,,,,,,,,,,,,,,,,,,,,,,,,,,,,,,
,854,21900000665,Toyota,Corolla,2364,2645,207.54,,,,,,,,,,,,,,,,,,,,,,,,,,,,,,,,
,855,21900000666,Toyota,Corolla,2365,2646,207.55,,,,,,,,,,,,,,,,,,,,,,,,,,,,,,,,
,856,21900000667,Toyota,Corolla,2366,2647,207.56,,,,,,,,,,,,,,,,,,,,,,,,,,,,,,,,
,857,21900000668,Toyota,Corolla,2367,2648,207.57,,,,,,,,,,,,,,,,,,,,,,,,,,,,,,,,
,858,21900000669,Toyota,Corolla,2368,2649,207.58,,,,,,,,,,,,,,,,,,,,,,,,,,,,,,,,
,859,21900000670,Toyota,Corolla,2369,2650,207.59,,,,,,,,,,,,,,,,,,,,,,,,,,,,,,,,
,860,21900000671,Toyota,Corolla,2370,2651,207.60,,,,,,,,,,,,,,,,,,,,,,,,,,,,,,,,
,861,21900000672,Toyota,Corolla,2371,2652,207.61,,,,,,,,,,,,,,,,,,,,,,,,,,,,,,,,
,862,21900000673,Toyota,Corolla,2372,2653,207.62,,,,,,,,,,,,,,,,,,,,,,,,,,,,,,,,
,863,21900000674,Toyota,Corolla,2373,2654,207.63,,,,,,,,,,,,,,,,,,,,,,,,,,,,,,,,
,864,21900000675,Toyota,Corolla,2374,2655,207.64,,,,,,,,,,,,,,,,,,,,,,,,,,,,,,,,
,865,21900000676,Toyota,Corolla,2375,2656,207.65,,,,,,,,,,,,,,,,,,,,,,,,,,,,,,,,
,866,21900000677,Toyota,Corolla,2376,2657,207.66,,,,,,,,,,,,,,,,,,,,,,,,,,,,,,,,
,867,21900000678,Toyota,Corolla,2377,2658,207.67,,,,,,,,,,,,,,,,,,,,,,,,,,,,,,,,
,868,21900000679,Toyota,Corolla,2378,2659,207.68,,,,,,,,,,,,,,,,,,,,,,,,,,,,,,,,
,869,21900000680,Toyota,Corolla,2379,2660,207.69,,,,,,,,,,,,,,,,,,,,,,,,,,,,,,,,
,870,21900000681,Toyota,Corolla,2380,2661,207.70,,,,,,,,,,,,,,,,,,,,,,,,,,,,,,,,
,871,21900000682,Toyota,Corolla,2381,2662,207.71,,,,,,,,,,,,,,,,,,,,,,,,,,,,,,,,
,872,21900000683,Toyota,Corolla,2382,2663,207.72,,,,,,,,,,,,,,,,,,,,,,,,,,,,,,,,
,873,21900000684,Toyota,Corolla,2383,2664,207.73,,,,,,,,,,,,,,,,,,,,,,,,,,,,,,,,
,874,21900000685,Toyota,Corolla,2384,2665,207.74,,,,,,,,,,,,,,,,,,,,,,,,,,,,,,,,
,875,21900000686,Toyota,Corolla,2385,2666,207.75,,,,,,,,,,,,,,,,,,,,,,,,,,,,,,,,
,876,21900000687,Toyota,Corolla,2386,2667,207.76,,,,,,,,,,,,,,,,,,,,,,,,,,,,,,,,
,877,21900000688,Toyota,Corolla,2387,2668,207.77,,,,,,,,,,,,,,,,,,,,,,,,,,,,,,,,
,878,21900000689,Toyota,Corolla,2388,2669,207.78,,,,,,,,,,,,,,,,,,,,,,,,,,,,,,,,
,879,21900000690,Toyota,Corolla,2389,2670,207.79,,,,,,,,,,,,,,,,,,,,,,,,,,,,,,,,
,880,21900000691,Toyota,Corolla,2390,2671,207.80,,,,,,,,,,,,,,,,,,,,,,,,,,,,,,,,
,881,21900000692,Toyota,Corolla,2391,2672,207.81,,,,,,,,,,,,,,,,,,,,,,,,,,,,,,,,
,882,21900000693,Toyota,Corolla,2392,2673,207.82,,,,,,,,,,,,,,,,,,,,,,,,,,,,,,,,
,883,21900000694,Toyota,Corolla,2393,2674,207.83,,,,,,,,,,,,,,,,,,,,,,,,,,,,,,,,
,884,21900000695,Toyota,Corolla,2394,2675,207.84,,,,,,,,,,,,,,,,,,,,,,,,,,,,,,,,
,885,21900000696,Toyota,Corolla,2395,2676,207.85,,,,,,,,,,,,,,,,,,,,,,,,,,,,,,,,
,886,21900000697,Toyota,Corolla,2396,2677,207.86,,,,,,,,,,,,,,,,,,,,,,,,,,,,,,,,
,887,21900000698,Toyota,Corolla,2397,2678,207.87,,,,,,,,,,,,,,,,,,,,,,,,,,,,,,,,
,888,21900000699,Toyota,Corolla,2398,2679,207.88,,,,,,,,,,,,,,,,,,,,,,,,,,,,,,,,
,889,21900000700,Toyota,Corolla,2399,2680,207.89,,,,,,,,,,,,,,,,,,,,,,,,,,,,,,,,
,890,21900000701,Toyota,Corolla,2400,2681,207.90,,,,,,,,,,,,,,,,,,,,,,,,,,,,,,,,
,891,21900000702,Toyota,Corolla,2401,2682,207.91,,,,,,,,,,,,,,,,,,,,,,,,,,,,,,,,
,892,21900000703,Toyota,Corolla,2402,2683,207.92,,,,,,,,,,,,,,,,,,,,,,,,,,,,,,,,
,893,21900000704,Toyota,Corolla,2403,2684,207.93,,,,,,,,,,,,,,,,,,,,,,,,,,,,,,,,
,894,21900000705,Toyota,Corolla,2404,2685,207.94,,,,,,,,,,,,,,,,,,,,,,,,,,,,,,,,
,895,21900000706,Toyota,Corolla,2405,2686,207.95,,,,,,,,,,,,,,,,,,,,,,,,,,,,,,,,
,896,21900000707,Toyota,Corolla,2406,2687,207.96,,,,,,,,,,,,,,,,,,,,,,,,,,,,,,,,
,897,21900000708,Toyota,Corolla,2407,2688,207.97,,,,,,,,,,,,,,,,,,,,,,,,,,,,,,,,
,898,21900000709,Toyota,Corolla,2408,2689,207.98,,,,,,,,,,,,,,,,,,,,,,,,,,,,,,,,
,899,21900000710,Toyota,Corolla,2409,2690,207.99,,,,,,,,,,,,,,,,,,,,,,,,,,,,,,,,
,900,21900000711,Toyota,Corolla,2410,2691,208.00,,,,,,,,,,,,,,,,,,,,,,,,,,,,,,,,
,901,21900000712,Toyota,Corolla,2411,2692,208.01,,,,,,,,,,,,,,,,,,,,,,,,,,,,,,,,
,902,21900000713,Toyota,Corolla,2412,2693,208.02,,,,,,,,,,,,,,,,,,,,,,,,,,,,,,,,
,903,21900000714,Toyota,Corolla,2413,2694,208.03,,,,,,,,,,,,,,,,,,,,,,,,,,,,,,,,
,904,21900000715,Toyota,Corolla,2414,2695,208.04,,,,,,,,,,,,,,,,,,,,,,,,,,,,,,,,
,905,21900000716,Toyota,Corolla,2415,2696,208.05,,,,,,,,,,,,,,,,,,,,,,,,,,,,,,,,
,906,21900000717,Toyota,Corolla,2416,2697,208.06,,,,,,,,,,,,,,,,,,,,,,,,,,,,,,,,
,907,21900000718,Toyota,Corolla,2417,2698,208.07,,,,,,,,,,,,,,,,,,,,,,,,,,,,,,,,
,908,21900000719,Toyota,Corolla,2418,2699,208.08,,,,,,,,,,,,,,,,,,,,,,,,,,,,,,,,
,909,21900000720,Toyota,Corolla,2419,2700,208.09,,,,,,,,,,,,,,,,,,,,,,,,,,,,,,,,
,910,21900000721,Toyota,Corolla,2420,2701,208.10,,,,,,,,,,,,,,,,,,,,,,,,,,,,,,,,
,911,21900000722,Toyota,Corolla,2421,2702,208.11,,,,,,,,,,,,,,,,,,,,,,,,,,,,,,,,
,912,21900000723,Toyota,Corolla,2422,2703,208.12,,,,,,,,,,,,,,,,,,,,,,,,,,,,,,,,
,913,21900000724,Toyota,Corolla,2423,2704,208.13,,,,,,,,,,,,,,,,,,,,,,,,,,,,,,,,
,914,21900000725,Toyota,Corolla,2424,2705,208.14,,,,,,,,,,,,,,,,,,,,,,,,,,,,,,,,
,915,21900000726,Toyota,Corolla,2425,2706,208.15,,,,,,,,,,,,,,,,,,,,,,,,,,,,,,,,
,916,21900000727,Toyota,Corolla,2426,2707,208.16,,,,,,,,,,,,,,,,,,,,,,,,,,,,,,,,
,917,21900000728,Toyota,Corolla,2427,2708,208.17,,,,,,,,,,,,,,,,,,,,,,,,,,,,,,,,
,918,21900000729,Toyota,Corolla,2428,2709,208.18,,,,,,,,,,,,,,,,,,,,,,,,,,,,,,,,
,919,21900000730,Toyota,Corolla,2429,2710,208.19,,,,,,,,,,,,,,,,,,,,,,,,,,,,,,,,
,920,21900000731,Toyota,Corolla,2430,2711,208.20,,,,,,,,,,,,,,,,,,,,,,,,,,,,,,,,
,921,21900000732,Toyota,Corolla,2431,2712,208.21,,,,,,,,,,,,,,,,,,,,,,,,,,,,,,,,
,922,21900000733,Toyota,Corolla,2432,2713,208.22,,,,,,,,,,,,,,,,,,,,,,,,,,,,,,,,
,923,21900000734,Toyota,Corolla,2433,2714,208.23,,,,,,,,,,,,,,,,,,,,,,,,,,,,,,,,
,924,21900000735,Toyota,Corolla,2434,2715,208.24,,,,,,,,,,,,,,,,,,,,,,,,,,,,,,,,
,925,21900000736,Toyota,Corolla,2435,2716,208.25,,,,,,,,,,,,,,,,,,,,,,,,,,,,,,,,
,926,21900000737,Toyota,Corolla,2436,2717,208.26,,,,,,,,,,,,,,,,,,,,,,,,,,,,,,,,
,927,21900000738,Toyota,Corolla,2437,2718,208.27,,,,,,,,,,,,,,,,,,,,,,,,,,,,,,,,
,928,21900000739,Toyota,Corolla,2438,2719,208.28,,,,,,,,,,,,,,,,,,,,,,,,,,,,,,,,
,929,21900000740,Toyota,Corolla,2439,2720,208.29,,,,,,,,,,,,,,,,,,,,,,,,,,,,,,,,
,930,21900000741,Toyota,Corolla,2440,2721,208.30,,,,,,,,,,,,,,,,,,,,,,,,,,,,,,,,
,931,21900000742,Toyota,Corolla,2441,2722,208.31,,,,,,,,,,,,,,,,,,,,,,,,,,,,,,,,
,932,21900000743,Toyota,Corolla,2442,2723,208.32,,,,,,,,,,,,,,,,,,,,,,,,,,,,,,,,
,933,21900000744,Toyota,Corolla,2443,2724,208.33,,,,,,,,,,,,,,,,,,,,,,,,,,,,,,,,
,934,21900000745,Toyota,Corolla,2444,2725,208.34,,,,,,,,,,,,,,,,,,,,,,,,,,,,,,,,
,935,21900000746,Toyota,Corolla,2445,2726,208.35,,,,,,,,,,,,,,,,,,,,,,,,,,,,,,,,
,936,21900000747,Toyota,Corolla,2446,2727,208.36,,,,,,,,,,,,,,,,,,,,,,,,,,,,,,,,
,937,21900000748,Toyota,Corolla,2447,2728,208.37,,,,,,,,,,,,,,,,,,,,,,,,,,,,,,,,
,938,21900000749,Toyota,Corolla,2448,2729,208.38,,,,,,,,,,,,,,,,,,,,,,,,,,,,,,,,
,939,21900000750,Toyota,Corolla,2449,2730,208.39,,,,,,,,,,,,,,,,,,,,,,,,,,,,,,,,
,940,21900000751,Toyota,Corolla,2450,2731,208.40,,,,,,,,,,,,,,,,,,,,,,,,,,,,,,,,
,941,21900000752,Toyota,Corolla,2451,2732,208.41,,,,,,,,,,,,,,,,,,,,,,,,,,,,,,,,
,942,21900000753,Toyota,Corolla,2452,2733,208.42,,,,,,,,,,,,,,,,,,,,,,,,,,,,,,,,
,943,21900000754,Toyota,Corolla,2453,2734,208.43,,,,,,,,,,,,,,,,,,,,,,,,,,,,,,,,
,944,21900000755,Toyota,Corolla,2454,2735,208.44,,,,,,,,,,,,,,,,,,,,,,,,,,,,,,,,
,945,21900000756,Toyota,Corolla,2455,2736,208.45,,,,,,,,,,,,,,,,,,,,,,,,,,,,,,,,
,946,21900000757,Toyota,Corolla,2456,2737,208.46,,,,,,,,,,,,,,,,,,,,,,,,,,,,,,,,
,947,21900000758,Toyota,Corolla,2457,2738,208.47,,,,,,,,,,,,,,,,,,,,,,,,,,,,,,,,
,948,21900000759,Toyota,Corolla,2458,2739,208.48,,,,,,,,,,,,,,,,,,,,,,,,,,,,,,,,
,949,21900000760,Toyota,Corolla,2459,2740,208.49,,,,,,,,,,,,,,,,,,,,,,,,,,,,,,,,
,950,21900000761,Toyota,Corolla,2460,2741,208.50,,,,,,,,,,,,,,,,,,,,,,,,,,,,,,,,
,951,21900000762,Toyota,Corolla,2461,2742,208.51,,,,,,,,,,,,,,,,,,,,,,,,,,,,,,,,
,952,21900000763,Toyota,Corolla,2462,2743,208.52,,,,,,,,,,,,,,,,,,,,,,,,,,,,,,,,
,953,21900000764,Toyota,Corolla,2463,2744,208.53,,,,,,,,,,,,,,,,,,,,,,,,,,,,,,,,
,954,21900000765,Toyota,Corolla,2464,2745,208.54,,,,,,,,,,,,,,,,,,,,,,,,,,,,,,,,
,955,21900000766,Toyota,Corolla,2465,2746,208.55,,,,,,,,,,,,,,,,,,,,,,,,,,,,,,,,
,956,21900000767,Toyota,Corolla,2466,2747,208.56,,,,,,,,,,,,,,,,,,,,,,,,,,,,,,,,
,957,21900000768,Toyota,Corolla,2467,2748,208.57,,,,,,,,,,,,,,,,,,,,,,,,,,,,,,,,
,958,21900000769,Toyota,Corolla,2468,2749,208.58,,,,,,,,,,,,,,,,,,,,,,,,,,,,,,,,
,959,21900000770,Toyota,Corolla,2469,2750,208.59,,,,,,,,,,,,,,,,,,,,,,,,,,,,,,,,
,960,21900000771,Toyota,Corolla,2470,2751,208.60,,,,,,,,,,,,,,,,,,,,,,,,,,,,,,,,
,961,21900000772,Toyota,Corolla,2471,2752,208.61,,,,,,,,,,,,,,,,,,,,,,,,,,,,,,,,
,962,21900000773,Toyota,Corolla,2472,2753,208.62,,,,,,,,,,,,,,,,,,,,,,,,,,,,,,,,
,963,21900000774,Toyota,Corolla,2473,2754,208.63,,,,,,,,,,,,,,,,,,,,,,,,,,,,,,,,
,964,21900000775,Toyota,Corolla,2474,2755,208.64,,,,,,,,,,,,,,,,,,,,,,,,,,,,,,,,
,965,21900000776,Toyota,Corolla,2475,2756,208.65,,,,,,,,,,,,,,,,,,,,,,,,,,,,,,,,
,966,21900000777,Toyota,Corolla,2476,2757,208.66,,,,,,,,,,,,,,,,,,,,,,,,,,,,,,,,
,967,21900000778,Toyota,Corolla,2477,2758,208.67,,,,,,,,,,,,,,,,,,,,,,,,,,,,,,,,
,968,21900000779,Toyota,Corolla,2478,2759,208.68,,,,,,,,,,,,,,,,,,,,,,,,,,,,,,,,
,969,21900000780,Toyota,Corolla,2479,2760,208.69,,,,,,,,,,,,,,,,,,,,,,,,,,,,,,,,
,970,21900000781,Toyota,Corolla,2480,2761,208.70,,,,,,,,,,,,,,,,,,,,,,,,,,,,,,,,
,971,21900000782,Toyota,Corolla,2481,2762,208.71,,,,,,,,,,,,,,,,,,,,,,,,,,,,,,,,
,972,21900000783,Toyota,Corolla,2482,2763,208.72,,,,,,,,,,,,,,,,,,,,,,,,,,,,,,,,
,973,21900000784,Toyota,Corolla,2483,2764,208.73,,,,,,,,,,,,,,,,,,,,,,,,,,,,,,,,
,974,21900000785,Toyota,Corolla,2484,2765,208.74,,,,,,,,,,,,,,,,,,,,,,,,,,,,,,,,
,975,21900000786,Toyota,Corolla,2485,2766,208.75,,,,,,,,,,,,,,,,,,,,,,,,,,,,,,,,
,976,21900000787,Toyota,Corolla,2486,2767,208.76,,,,,,,,,,,,,,,,,,,,,,,,,,,,,,,,
,977,21900000788,Toyota,Corolla,2487,2768,208.77,,,,,,,,,,,,,,,,,,,,,,,,,,,,,,,,
,978,21900000789,Toyota,Corolla,2488,2769,208.78,,,,,,,,,,,,,,,,,,,,,,,,,,,,,,,,
,979,21900000790,Toyota,Corolla,2489,2770,208.79,,,,,,,,,,,,,,,,,,,,,,,,,,,,,,,,
,980,21900000791,Toyota,Corolla,2490,2771,208.80,,,,,,,,,,,,,,,,,,,,,,,,,,,,,,,,
,981,21900000792,Toyota,Corolla,2491,2772,208.81,,,,,,,,,,,,,,,,,,,,,,,,,,,,,,,,
,982,21900000793,Toyota,Corolla,2492,2773,208.82,,,,,,,,,,,,,,,,,,,,,,,,,,,,,,,,
,983,21900000794,Toyota,Corolla,2493,2774,208.83,,,,,,,,,,,,,,,,,,,,,,,,,,,,,,,,
,984,21900000795,Toyota,Corolla,2494,2775,208.84,,,,,,,,,,,,,,,,,,,,,,,,,,,,,,,,
,985,21900000796,Toyota,Corolla,2495,2776,208.85,,,,,,,,,,,,,,,,,,,,,,,,,,,,,,,,
,986,21900000797,Toyota,Corolla,2496,2777,208.86,,,,,,,,,,,,,,,,,,,,,,,,,,,,,,,,
,987,21900000798,Toyota,Corolla,2497,2778,208.87,,,,,,,,,,,,,,,,,,,,,,,,,,,,,,,,
,988,21900000799,Toyota,Corolla,2498,2779,208.88,,,,,,,,,,,,,,,,,,,,,,,,,,,,,,,,
,989,21900000800,Toyota,Corolla,2499,2780,208.89,,,,,,,,,,,,,,,,,,,,,,,,,,,,,,,,
,990,21900000801,Toyota,Corolla,2500,2781,208.90,,,,,,,,,,,,,,,,,,,,,,,,,,,,,,,,
,991,21900000802,Toyota,Corolla,2501,2782,208.91,,,,,,,,,,,,,,,,,,,,,,,,,,,,,,,,
,992,21900000803,Toyota,Corolla,2502,2783,208.92,,,,,,,,,,,,,,,,,,,,,,,,,,,,,,,,
,993,21900000804,Toyota,Corolla,2503,2784,208.93,,,,,,,,,,,,,,,,,,,,,,,,,,,,,,,,
,994,21900000805,Toyota,Corolla,2504,2785,208.94,,,,,,,,,,,,,,,,,,,,,,,,,,,,,,,,
,995,21900000806,Toyota,Corolla,2505,2786,208.95,,,,,,,,,,,,,,,,,,,,,,,,,,,,,,,,
,996,21900000807,Toyota,Corolla,2506,2787,208.96,,,,,,,,,,,,,,,,,,,,,,,,,,,,,,,,
,997,21900000808,Toyota,Corolla,2507,2788,208.97,,,,,,,,,,,,,,,,,,,,,,,,,,,,,,,,
,998,21900000809,Toyota,Corolla,2508,2789,208.98,,,,,,,,,,,,,,,,,,,,,,,,,,,,,,,,
,999,21900000810,Toyota,Corolla,2509,2790,208.99,,,,,,,,,,,,,,,,,,,,,,,,,,,,,,,,
,1000,21900000811,Toyota,Corolla,2510,2791,209.00,,,,,,,,,,,,,,,,,,,,,,,,,,,,,,,,
,1001,21900000812,Toyota,Corolla,2511,2792,209.01,,,,,,,,,,,,,,,,,,,,,,,,,,,,,,,,
,1002,21900000813,Toyota,Corolla,2512,2793,209.02,,,,,,,,,,,,,,,,,,,,,,,,,,,,,,,,
,1003,21900000814,Toyota,Corolla,2513,2794,209.03,,,,,,,,,,,,,,,,,,,,,,,,,,,,,,,,
,1004,21900000815,Toyota,Corolla,2514,2795,209.04,,,,,,,,,,,,,,,,,,,,,,,,,,,,,,,,
,1005,21900000816,Toyota,Corolla,2515,2796,209.05,,,,,,,,,,,,,,,,,,,,,,,,,,,,,,,,
,1006,21900000817,Toyota,Corolla,2516,2797,209.06,,,,,,,,,,,,,,,,,,,,,,,,,,,,,,,,
,1007,21900000818,Toyota,Corolla,2517,2798,209.07,,,,,,,,,,,,,,,,,,,,,,,,,,,,,,,,
,1008,21900000819,Toyota,Corolla,2518,2799,209.08,,,,,,,,,,,,,,,,,,,,,,,,,,,,,,,,
,1009,21900000820,Toyota,Corolla,2519,2800,209.09,,,,,,,,,,,,,,,,,,,,,,,,,,,,,,,,
,1010,21900000821,Toyota,Corolla,2520,2801,209.10,,,,,,,,,,,,,,,,,,,,,,,,,,,,,,,,
,1011,21900000822,Toyota,Corolla,2521,2802,209.11,,,,,,,,,,,,,,,,,,,,,,,,,,,,,,,,
,1012,21900000823,Toyota,Corolla,2522,2803,209.12,,,,,,,,,,,,,,,,,,,,,,,,,,,,,,,,
,1013,21900000824,Toyota,Corolla,2523,2804,209.13,,,,,,,,,,,,,,,,,,,,,,,,,,,,,,,,
,1014,21900000825,Toyota,Corolla,2524,2805,209.14,,,,,,,,,,,,,,,,,,,,,,,,,,,,,,,,
,1015,21900000826,Toyota,Corolla,2525,2806,209.15,,,,,,,,,,,,,,,,,,,,,,,,,,,,,,,,
,1016,21900000827,Toyota,Corolla,2526,2807,209.16,,,,,,,,,,,,,,,,,,,,,,,,,,,,,,,,
,1017,21900000828,Toyota,Corolla,2527,2808,209.17,,,,,,,,,,,,,,,,,,,,,,,,,,,,,,,,
,1018,21900000829,Toyota,Corolla,2528,2809,209.18,,,,,,,,,,,,,,,,,,,,,,,,,,,,,,,,
,1019,21900000830,Toyota,Corolla,2529,2810,209.19,,,,,,,,,,,,,,,,,,,,,,,,,,,,,,,,
,1020,21900000831,Toyota,Corolla,2530,2811,209.20,,,,,,,,,,,,,,,,,,,,,,,,,,,,,,,,
,1021,21900000832,Toyota,Corolla,2531,2812,209.21,,,,,,,,,,,,,,,,,,,,,,,,,,,,,,,,
,1022,21900000833,Toyota,Corolla,2532,2813,209.22,,,,,,,,,,,,,,,,,,,,,,,,,,,,,,,,
,1023,21900000834,Toyota,Corolla,2533,2814,209.23,,,,,,,,,,,,,,,,,,,,,,,,,,,,,,,,
,1024,21900000835,Toyota,Corolla,2534,2815,209.24,,,,,,,,,,,,,,,,,,,,,,,,,,,,,,,,
,1025,21900000836,Toyota,Corolla,2535,2816,209.25,,,,,,,,,,,,,,,,,,,,,,,,,,,,,,,,
,1026,21900000837,Toyota,Corolla,2536,2817,209.26,,,,,,,,,,,,,,,,,,,,,,,,,,,,,,,,
,1027,21900000838,Toyota,Corolla,2537,2818,209.27,,,,,,,,,,,,,,,,,,,,,,,,,,,,,,,,
,1028,21900000839,Toyota,Corolla,2538,2819,209.28,,,,,,,,,,,,,,,,,,,,,,,,,,,,,,,,
,1029,21900000840,Toyota,Corolla,2539,2820,209.29,,,,,,,,,,,,,,,,,,,,,,,,,,,,,,,,
,1030,21900000841,Toyota,Corolla,2540,2821,209.30,,,,,,,,,,,,,,,,,,,,,,,,,,,,,,,,
,1031,21900000842,Toyota,Corolla,2541,2822,209.31,,,,,,,,,,,,,,,,,,,,,,,,,,,,,,,,
,1032,21900000843,Toyota,Corolla,2542,2823,209.32,,,,,,,,,,,,,,,,,,,,,,,,,,,,,,,,
,1033,21900000844,Toyota,Corolla,2543,2824,209.33,,,,,,,,,,,,,,,,,,,,,,,,,,,,,,,,
,1034,21900000845,Toyota,Corolla,2544,2825,209.34,,,,,,,,,,,,,,,,,,,,,,,,,,,,,,,,
,1035,21900000846,Toyota,Corolla,2545,2826,209.35,,,,,,,,,,,,,,,,,,,,,,,,,,,,,,,,
,1036,21900000847,Toyota,Corolla,2546,2827,209.36,,,,,,,,,,,,,,,,,,,,,,,,,,,,,,,,
,1037,21900000848,Toyota,Corolla,2547,2828,209.37,,,,,,,,,,,,,,,,,,,,,,,,,,,,,,,,
,1038,21900000849,Toyota,Corolla,2548,2829,209.38,,,,,,,,,,,,,,,,,,,,,,,,,,,,,,,,
,1039,21900000850,Toyota,Corolla,2549,2830,209.39,,,,,,,,,,,,,,,,,,,,,,,,,,,,,,,,
,1040,21900000851,Toyota,Corolla,2550,2831,209.40,,,,,,,,,,,,,,,,,,,,,,,,,,,,,,,,
,1041,21900000852,Toyota,Corolla,2551,2832,209.41,,,,,,,,,,,,,,,,,,,,,,,,,,,,,,,,
,1042,21900000853,Toyota,Corolla,2552,2833,209.42,,,,,,,,,,,,,,,,,,,,,,,,,,,,,,,,
,1043,21900000854,Toyota,Corolla,2553,2834,209.43,,,,,,,,,,,,,,,,,,,,,,,,,,,,,,,,
,1044,21900000855,Toyota,Corolla,2554,2835,209.44,,,,,,,,,,,,,,,,,,,,,,,,,,,,,,,,
,1045,21900000856,Toyota,Corolla,2555,2836,209.45,,,,,,,,,,,,,,,,,,,,,,,,,,,,,,,,
,1046,21900000857,Toyota,Corolla,2556,2837,209.46,,,,,,,,,,,,,,,,,,,,,,,,,,,,,,,,
,1047,21900000858,Toyota,Corolla,2557,2838,209.47,,,,,,,,,,,,,,,,,,,,,,,,,,,,,,,,
,1048,21900000859,Toyota,Corolla,2558,2839,209.48,,,,,,,,,,,,,,,,,,,,,,,,,,,,,,,,
,1049,21900000860,Toyota,Corolla,2559,2840,209.49,,,,,,,,,,,,,,,,,,,,,,,,,,,,,,,,
,1050,21900000861,Toyota,Corolla,2560,2841,209.50,,,,,,,,,,,,,,,,,,,,,,,,,,,,,,,,
,1051,21900000862,Toyota,Corolla,2561,2842,209.51,,,,,,,,,,,,,,,,,,,,,,,,,,,,,,,,
,1052,21900000863,Toyota,Corolla,2562,2843,209.52,,,,,,,,,,,,,,,,,,,,,,,,,,,,,,,,
,1053,21900000864,Toyota,Corolla,2563,2844,209.53,,,,,,,,,,,,,,,,,,,,,,,,,,,,,,,,
,1054,21900000865,Toyota,Corolla,2564,2845,209.54,,,,,,,,,,,,,,,,,,,,,,,,,,,,,,,,
,1055,21900000866,Toyota,Corolla,2565,2846,209.55,,,,,,,,,,,,,,,,,,,,,,,,,,,,,,,,
,1056,21900000867,Toyota,Corolla,2566,2847,209.56,,,,,,,,,,,,,,,,,,,,,,,,,,,,,,,,
,1057,21900000868,Toyota,Corolla,2567,2848,209.57,,,,,,,,,,,,,,,,,,,,,,,,,,,,,,,,
,1058,21900000869,Toyota,Corolla,2568,2849,209.58,,,,,,,,,,,,,,,,,,,,,,,,,,,,,,,,
,1059,21900000870,Toyota,Corolla,2569,2850,209.59,,,,,,,,,,,,,,,,,,,,,,,,,,,,,,,,
,1060,21900000871,Toyota,Corolla,2570,2851,209.60,,,,,,,,,,,,,,,,,,,,,,,,,,,,,,,,
,1061,21900000872,Toyota,Corolla,2571,2852,209.61,,,,,,,,,,,,,,,,,,,,,,,,,,,,,,,,
,1062,21900000873,Toyota,Corolla,2572,2853,209.62,,,,,,,,,,,,,,,,,,,,,,,,,,,,,,,,
,1063,21900000874,Toyota,Corolla,2573,2854,209.63,,,,,,,,,,,,,,,,,,,,,,,,,,,,,,,,
,1064,21900000875,Toyota,Corolla,2574,2855,209.64,,,,,,,,,,,,,,,,,,,,,,,,,,,,,,,,
,1065,21900000876,Toyota,Corolla,2575,2856,209.65,,,,,,,,,,,,,,,,,,,,,,,,,,,,,,,,
,1066,21900000877,Toyota,Corolla,2576,2857,209.66,,,,,,,,,,,,,,,,,,,,,,,,,,,,,,,,
,1067,21900000878,Toyota,Corolla,2577,2858,209.67,,,,,,,,,,,,,,,,,,,,,,,,,,,,,,,,
,1068,21900000879,Toyota,Corolla,2578,2859,209.68,,,,,,,,,,,,,,,,,,,,,,,,,,,,,,,,
,1069,21900000880,Toyota,Corolla,2579,2860,209.69,,,,,,,,,,,,,,,,,,,,,,,,,,,,,,,,
,1070,21900000881,Toyota,Corolla,2580,2861,209.70,,,,,,,,,,,,,,,,,,,,,,,,,,,,,,,,
,1071,21900000882,Toyota,Corolla,2581,2862,209.71,,,,,,,,,,,,,,,,,,,,,,,,,,,,,,,,
,1072,21900000883,Toyota,Corolla,2582,2863,209.72,,,,,,,,,,,,,,,,,,,,,,,,,,,,,,,,
,1073,21900000884,Toyota,Corolla,2583,2864,209.73,,,,,,,,,,,,,,,,,,,,,,,,,,,,,,,,
,1074,21900000885,Toyota,Corolla,2584,2865,209.74,,,,,,,,,,,,,,,,,,,,,,,,,,,,,,,,
,1075,21900000886,Toyota,Corolla,2585,2866,209.75,,,,,,,,,,,,,,,,,,,,,,,,,,,,,,,,
,1076,21900000887,Toyota,Corolla,2586,2867,209.76,,,,,,,,,,,,,,,,,,,,,,,,,,,,,,,,
,1077,21900000888,Toyota,Corolla,2587,2868,209.77,,,,,,,,,,,,,,,,,,,,,,,,,,,,,,,,
,1078,21900000889,Toyota,Corolla,2588,2869,209.78,,,,,,,,,,,,,,,,,,,,,,,,,,,,,,,,
,1079,21900000890,Toyota,Corolla,2589,2870,209.79,,,,,,,,,,,,,,,,,,,,,,,,,,,,,,,,
,1080,21900000891,Toyota,Corolla,2590,2871,209.80,,,,,,,,,,,,,,,,,,,,,,,,,,,,,,,,
,1081,21900000892,Toyota,Corolla,2591,2872,209.81,,,,,,,,,,,,,,,,,,,,,,,,,,,,,,,,
,1082,21900000893,Toyota,Corolla,2592,2873,209.82,,,,,,,,,,,,,,,,,,,,,,,,,,,,,,,,
,1083,21900000894,Toyota,Corolla,2593,2874,209.83,,,,,,,,,,,,,,,,,,,,,,,,,,,,,,,,
,1084,21900000895,Toyota,Corolla,2594,2875,209.84,,,,,,,,,,,,,,,,,,,,,,,,,,,,,,,,
,1085,21900000896,Toyota,Corolla,2595,2876,209.85,,,,,,,,,,,,,,,,,,,,,,,,,,,,,,,,
,1086,21900000897,Toyota,Corolla,2596,2877,209.86,,,,,,,,,,,,,,,,,,,,,,,,,,,,,,,,
,1087,21900000898,Toyota,Corolla,2597,2878,209.87,,,,,,,,,,,,,,,,,,,,,,,,,,,,,,,,
,1088,21900000899,Toyota,Corolla,2598,2879,209.88,,,,,,,,,,,,,,,,,,,,,,,,,,,,,,,,
,1089,21900000900,Toyota,Corolla,2599,2880,209.89,,,,,,,,,,,,,,,,,,,,,,,,,,,,,,,,
,1090,21900000901,Toyota,Corolla,2600,2881,209.90,,,,,,,,,,,,,,,,,,,,,,,,,,,,,,,,
,1091,21900000902,Toyota,Corolla,2601,2882,209.91,,,,,,,,,,,,,,,,,,,,,,,,,,,,,,,,
,1092,21900000903,Toyota,Corolla,2602,2883,209.92,,,,,,,,,,,,,,,,,,,,,,,,,,,,,,,,
,1093,21900000904,Toyota,Corolla,2603,2884,209.93,,,,,,,,,,,,,,,,,,,,,,,,,,,,,,,,
,1094,21900000905,Toyota,Corolla,2604,2885,209.94,,,,,,,,,,,,,,,,,,,,,,,,,,,,,,,,
,1095,21900000906,Toyota,Corolla,2605,2886,209.95,,,,,,,,,,,,,,,,,,,,,,,,,,,,,,,,
,1096,21900000907,Toyota,Corolla,2606,2887,209.96,,,,,,,,,,,,,,,,,,,,,,,,,,,,,,,,
,1097,21900000908,Toyota,Corolla,2607,2888,209.97,,,,,,,,,,,,,,,,,,,,,,,,,,,,,,,,
,1098,21900000909,Toyota,Corolla,2608,2889,209.98,,,,,,,,,,,,,,,,,,,,,,,,,,,,,,,,
,1099,21900000910,Toyota,Corolla,2609,2890,209.99,,,,,,,,,,,,,,,,,,,,,,,,,,,,,,,,
,1100,21900000911,Toyota,Corolla,2610,2891,210.00,,,,,,,,,,,,,,,,,,,,,,,,,,,,,,,,
,1101,21900000912,Toyota,Corolla,2611,2892,210.01,,,,,,,,,,,,,,,,,,,,,,,,,,,,,,,,
,1102,21900000913,Toyota,Corolla,2612,2893,210.02,,,,,,,,,,,,,,,,,,,,,,,,,,,,,,,,
,1103,21900000914,Toyota,Corolla,2613,2894,210.03,,,,,,,,,,,,,,,,,,,,,,,,,,,,,,,,
,1104,21900000915,Toyota,Corolla,2614,2895,210.04,,,,,,,,,,,,,,,,,,,,,,,,,,,,,,,,
,1105,21900000916,Toyota,Corolla,2615,2896,210.05,,,,,,,,,,,,,,,,,,,,,,,,,,,,,,,,
,1106,21900000917,Toyota,Corolla,2616,2897,210.06,,,,,,,,,,,,,,,,,,,,,,,,,,,,,,,,
,1107,21900000918,Toyota,Corolla,2617,2898,210.07,,,,,,,,,,,,,,,,,,,,,,,,,,,,,,,,
,1108,21900000919,Toyota,Corolla,2618,2899,210.08,,,,,,,,,,,,,,,,,,,,,,,,,,,,,,,,
,1109,21900000920,Toyota,Corolla,2619,2900,210.09,,,,,,,,,,,,,,,,,,,,,,,,,,,,,,,,
,1110,21900000921,Toyota,Corolla,2620,2901,210.10,,,,,,,,,,,,,,,,,,,,,,,,,,,,,,,,
,1111,21900000922,Toyota,Corolla,2621,2902,210.11,,,,,,,,,,,,,,,,,,,,,,,,,,,,,,,,
,1112,21900000923,Toyota,Corolla,2622,2903,210.12,,,,,,,,,,,,,,,,,,,,,,,,,,,,,,,,
,1113,21900000924,Toyota,Corolla,2623,2904,210.13,,,,,,,,,,,,,,,,,,,,,,,,,,,,,,,,
,1114,21900000925,Toyota,Corolla,2624,2905,210.14,,,,,,,,,,,,,,,,,,,,,,,,,,,,,,,,
,1115,21900000926,Toyota,Corolla,2625,2906,210.15,,,,,,,,,,,,,,,,,,,,,,,,,,,,,,,,
,1116,21900000927,Toyota,Corolla,2626,2907,210.16,,,,,,,,,,,,,,,,,,,,,,,,,,,,,,,,
,1117,21900000928,Toyota,Corolla,2627,2908,210.17,,,,,,,,,,,,,,,,,,,,,,,,,,,,,,,,
,1118,21900000929,Toyota,Corolla,2628,2909,210.18,,,,,,,,,,,,,,,,,,,,,,,,,,,,,,,,
,1119,21900000930,Toyota,Corolla,2629,2910,210.19,,,,,,,,,,,,,,,,,,,,,,,,,,,,,,,,
,1120,21900000931,Toyota,Corolla,2630,2911,210.20,,,,,,,,,,,,,,,,,,,,,,,,,,,,,,,,
,1121,21900000932,Toyota,Corolla,2631,2912,210.21,,,,,,,,,,,,,,,,,,,,,,,,,,,,,,,,
,1122,21900000933,Toyota,Corolla,2632,2913,210.22,,,,,,,,,,,,,,,,,,,,,,,,,,,,,,,,
,1123,21900000934,Toyota,Corolla,2633,2914,210.23,,,,,,,,,,,,,,,,,,,,,,,,,,,,,,,,
,1124,21900000935,Toyota,Corolla,2634,2915,210.24,,,,,,,,,,,,,,,,,,,,,,,,,,,,,,,,
,1125,21900000936,Toyota,Corolla,2635,2916,210.25,,,,,,,,,,,,,,,,,,,,,,,,,,,,,,,,
,1126,21900000937,Toyota,Corolla,2636,2917,210.26,,,,,,,,,,,,,,,,,,,,,,,,,,,,,,,,
,1127,21900000938,Toyota,Corolla,2637,2918,210.27,,,,,,,,,,,,,,,,,,,,,,,,,,,,,,,,
,1128,21900000939,Toyota,Corolla,2638,2919,210.28,,,,,,,,,,,,,,,,,,,,,,,,,,,,,,,,
,1129,21900000940,Toyota,Corolla,2639,2920,210.29,,,,,,,,,,,,,,,,,,,,,,,,,,,,,,,,
,1130,21900000941,Toyota,Corolla,2640,2921,210.30,,,,,,,,,,,,,,,,,,,,,,,,,,,,,,,,
,1131,21900000942,Toyota,Corolla,2641,2922,210.31,,,,,,,,,,,,,,,,,,,,,,,,,,,,,,,,
,1132,21900000943,Toyota,Corolla,2642,2923,210.32,,,,,,,,,,,,,,,,,,,,,,,,,,,,,,,,
,1133,21900000944,Toyota,Corolla,2643,2924,210.33,,,,,,,,,,,,,,,,,,,,,,,,,,,,,,,,
,1134,21900000945,Toyota,Corolla,2644,2925,210.34,,,,,,,,,,,,,,,,,,,,,,,,,,,,,,,,
,1135,21900000946,Toyota,Corolla,2645,2926,210.35,,,,,,,,,,,,,,,,,,,,,,,,,,,,,,,,
,1136,21900000947,Toyota,Corolla,2646,2927,210.36,,,,,,,,,,,,,,,,,,,,,,,,,,,,,,,,
,1137,21900000948,Toyota,Corolla,2647,2928,210.37,,,,,,,,,,,,,,,,,,,,,,,,,,,,,,,,
,1138,21900000949,Toyota,Corolla,2648,2929,210.38,,,,,,,,,,,,,,,,,,,,,,,,,,,,,,,,
,1139,21900000950,Toyota,Corolla,2649,2930,210.39,,,,,,,,,,,,,,,,,,,,,,,,,,,,,,,,
,1140,21900000951,Toyota,Corolla,2650,2931,210.40,,,,,,,,,,,,,,,,,,,,,,,,,,,,,,,,
,1141,21900000952,Toyota,Corolla,2651,2932,210.41,,,,,,,,,,,,,,,,,,,,,,,,,,,,,,,,
,1142,21900000953,Toyota,Corolla,2652,2933,210.42,,,,,,,,,,,,,,,,,,,,,,,,,,,,,,,,
,1143,21900000954,Toyota,Corolla,2653,2934,210.43,,,,,,,,,,,,,,,,,,,,,,,,,,,,,,,,
,1144,21900000955,Toyota,Corolla,2654,2935,210.44,,,,,,,,,,,,,,,,,,,,,,,,,,,,,,,,
,1145,21900000956,Toyota,Corolla,2655,2936,210.45,,,,,,,,,,,,,,,,,,,,,,,,,,,,,,,,
,1146,21900000957,Toyota,Corolla,2656,2937,210.46,,,,,,,,,,,,,,,,,,,,,,,,,,,,,,,,
,1147,21900000958,Toyota,Corolla,2657,2938,210.47,,,,,,,,,,,,,,,,,,,,,,,,,,,,,,,,
,1148,21900000959,Toyota,Corolla,2658,2939,210.48,,,,,,,,,,,,,,,,,,,,,,,,,,,,,,,,
,1149,21900000960,Toyota,Corolla,2659,2940,210.49,,,,,,,,,,,,,,,,,,,,,,,,,,,,,,,,
,1150,21900000961,Toyota,Corolla,2660,2941,210.50,,,,,,,,,,,,,,,,,,,,,,,,,,,,,,,,
,1151,21900000962,Toyota,Corolla,2661,2942,210.51,,,,,,,,,,,,,,,,,,,,,,,,,,,,,,,,
,1152,21900000963,Toyota,Corolla,2662,2943,210.52,,,,,,,,,,,,,,,,,,,,,,,,,,,,,,,,
,1153,21900000964,Toyota,Corolla,2663,2944,210.53,,,,,,,,,,,,,,,,,,,,,,,,,,,,,,,,
,1154,21900000965,Toyota,Corolla,2664,2945,210.54,,,,,,,,,,,,,,,,,,,,,,,,,,,,,,,,
,1155,21900000966,Toyota,Corolla,2665,2946,210.55,,,,,,,,,,,,,,,,,,,,,,,,,,,,,,,,
,1156,21900000967,Toyota,Corolla,2666,2947,210.56,,,,,,,,,,,,,,,,,,,,,,,,,,,,,,,,
,1157,21900000968,Toyota,Corolla,2667,2948,210.57,,,,,,,,,,,,,,,,,,,,,,,,,,,,,,,,
,1158,21900000969,Toyota,Corolla,2668,2949,210.58,,,,,,,,,,,,,,,,,,,,,,,,,,,,,,,,
,1159,21900000970,Toyota,Corolla,2669,2950,210.59,,,,,,,,,,,,,,,,,,,,,,,,,,,,,,,,
,1160,21900000971,Toyota,Corolla,2670,2951,210.60,,,,,,,,,,,,,,,,,,,,,,,,,,,,,,,,
,1161,21900000972,Toyota,Corolla,2671,2952,210.61,,,,,,,,,,,,,,,,,,,,,,,,,,,,,,,,
,1162,21900000973,Toyota,Corolla,2672,2953,210.62,,,,,,,,,,,,,,,,,,,,,,,,,,,,,,,,
,1163,21900000974,Toyota,Corolla,2673,2954,210.63,,,,,,,,,,,,,,,,,,,,,,,,,,,,,,,,
,1164,21900000975,Toyota,Corolla,2674,2955,210.64,,,,,,,,,,,,,,,,,,,,,,,,,,,,,,,,
,1165,21900000976,Toyota,Corolla,2675,2956,210.65,,,,,,,,,,,,,,,,,,,,,,,,,,,,,,,,
,1166,21900000977,Toyota,Corolla,2676,2957,210.66,,,,,,,,,,,,,,,,,,,,,,,,,,,,,,,,
,1167,21900000978,Toyota,Corolla,2677,2958,210.67,,,,,,,,,,,,,,,,,,,,,,,,,,,,,,,,
,1168,21900000979,Toyota,Corolla,2678,2959,210.68,,,,,,,,,,,,,,,,,,,,,,,,,,,,,,,,
,1169,21900000980,Toyota,Corolla,2679,2960,210.69,,,,,,,,,,,,,,,,,,,,,,,,,,,,,,,,
,1170,21900000981,Toyota,Corolla,2680,2961,210.70,,,,,,,,,,,,,,,,,,,,,,,,,,,,,,,,
,1171,21900000982,Toyota,Corolla,2681,2962,210.71,,,,,,,,,,,,,,,,,,,,,,,,,,,,,,,,
,1172,21900000983,Toyota,Corolla,2682,2963,210.72,,,,,,,,,,,,,,,,,,,,,,,,,,,,,,,,
,1173,21900000984,Toyota,Corolla,2683,2964,210.73,,,,,,,,,,,,,,,,,,,,,,,,,,,,,,,,
,1174,21900000985,Toyota,Corolla,2684,2965,210.74,,,,,,,,,,,,,,,,,,,,,,,,,,,,,,,,
,1175,21900000986,Toyota,Corolla,2685,2966,210.75,,,,,,,,,,,,,,,,,,,,,,,,,,,,,,,,
,1176,21900000987,Toyota,Corolla,2686,2967,210.76,,,,,,,,,,,,,,,,,,,,,,,,,,,,,,,,
,1177,21900000988,Toyota,Corolla,2687,2968,210.77,,,,,,,,,,,,,,,,,,,,,,,,,,,,,,,,
,1178,21900000989,Toyota,Corolla,2688,2969,210.78,,,,,,,,,,,,,,,,,,,,,,,,,,,,,,,,
,1179,21900000990,Toyota,Corolla,2689,2970,210.79,,,,,,,,,,,,,,,,,,,,,,,,,,,,,,,,
,1180,21900000991,Toyota,Corolla,2690,2971,210.80,,,,,,,,,,,,,,,,,,,,,,,,,,,,,,,,
,1181,21900000992,Toyota,Corolla,2691,2972,210.81,,,,,,,,,,,,,,,,,,,,,,,,,,,,,,,,
,1182,21900000993,Toyota,Corolla,2692,2973,210.82,,,,,,,,,,,,,,,,,,,,,,,,,,,,,,,,
,1183,21900000994,Toyota,Corolla,2693,2974,210.83,,,,,,,,,,,,,,,,,,,,,,,,,,,,,,,,
,1184,21900000995,Toyota,Corolla,2694,2975,210.84,,,,,,,,,,,,,,,,,,,,,,,,,,,,,,,,
,1185,21900000996,Toyota,Corolla,2695,2976,210.85,,,,,,,,,,,,,,,,,,,,,,,,,,,,,,,,
,1186,21900000997,Toyota,Corolla,2696,2977,210.86,,,,,,,,,,,,,,,,,,,,,,,,,,,,,,,,
,1187,21900000998,Toyota,Corolla,2697,2978,210.87,,,,,,,,,,,,,,,,,,,,,,,,,,,,,,,,
,1188,21900000999,Toyota,Corolla,2698,2979,210.88,,,,,,,,,,,,,,,,,,,,,,,,,,,,,,,,
,1189,21900001000,Toyota,Corolla,2699,2980,210.89,,,,,,,,,,,,,,,,,,,,,,,,,,,,,,,,
,1190,21900001001,Toyota,Corolla,2700,2981,210.90,,,,,,,,,,,,,,,,,,,,,,,,,,,,,,,,
,1191,21900001002,Toyota,Corolla,2701,2982,210.91,,,,,,,,,,,,,,,,,,,,,,,,,,,,,,,,
,1192,21900001003,Toyota,Corolla,2702,2983,210.92,,,,,,,,,,,,,,,,,,,,,,,,,,,,,,,,
,1193,21900001004,Toyota,Corolla,2703,2984,210.93,,,,,,,,,,,,,,,,,,,,,,,,,,,,,,,,
,1194,21900001005,Toyota,Corolla,2704,2985,210.94,,,,,,,,,,,,,,,,,,,,,,,,,,,,,,,,
,1195,21900001006,Toyota,Corolla,2705,2986,210.95,,,,,,,,,,,,,,,,,,,,,,,,,,,,,,,,
,1196,21900001007,Toyota,Corolla,2706,2987,210.96,,,,,,,,,,,,,,,,,,,,,,,,,,,,,,,,
,1197,21900001008,Toyota,Corolla,2707,2988,210.97,,,,,,,,,,,,,,,,,,,,,,,,,,,,,,,,
,1198,21900001009,Toyota,Corolla,2708,2989,210.98,,,,,,,,,,,,,,,,,,,,,,,,,,,,,,,,
,1199,21900001010,Toyota,Corolla,2709,2990,210.99,,,,,,,,,,,,,,,,,,,,,,,,,,,,,,,,
,1200,21900001011,Toyota,Corolla,2710,2991,211.00,,,,,,,,,,,,,,,,,,,,,,,,,,,,,,,,
,1201,21900001012,Toyota,Corolla,2711,2992,211.01,,,,,,,,,,,,,,,,,,,,,,,,,,,,,,,,
,1202,21900001013,Toyota,Corolla,2712,2993,211.02,,,,,,,,,,,,,,,,,,,,,,,,,,,,,,,,
,1203,21900001014,Toyota,Corolla,2713,2994,211.03,,,,,,,,,,,,,,,,,,,,,,,,,,,,,,,,
,1204,21900001015,Toyota,Corolla,2714,2995,211.04,,,,,,,,,,,,,,,,,,,,,,,,,,,,,,,,
,1205,21900001016,Toyota,Corolla,2715,2996,211.05,,,,,,,,,,,,,,,,,,,,,,,,,,,,,,,,
,1206,21900001017,Toyota,Corolla,2716,2997,211.06,,,,,,,,,,,,,,,,,,,,,,,,,,,,,,,,
,1207,21900001018,Toyota,Corolla,2717,2998,211.07,,,,,,,,,,,,,,,,,,,,,,,,,,,,,,,,
,1208,21900001019,Toyota,Corolla,2718,2999,211.08,,,,,,,,,,,,,,,,,,,,,,,,,,,,,,,,
,1209,21900001020,Toyota,Corolla,2719,3000,211.09,,,,,,,,,,,,,,,,,,,,,,,,,,,,,,,,
,1210,21900001021,Toyota,Corolla,2720,3001,211.10,,,,,,,,,,,,,,,,,,,,,,,,,,,,,,,,
,1211,21900001022,Toyota,Corolla,2721,3002,211.11,,,,,,,,,,,,,,,,,,,,,,,,,,,,,,,,
,1212,21900001023,Toyota,Corolla,2722,3003,211.12,,,,,,,,,,,,,,,,,,,,,,,,,,,,,,,,
,1213,21900001024,Toyota,Corolla,2723,3004,211.13,,,,,,,,,,,,,,,,,,,,,,,,,,,,,,,,
,1214,21900001025,Toyota,Corolla,2724,3005,211.14,,,,,,,,,,,,,,,,,,,,,,,,,,,,,,,,
,1215,21900001026,Toyota,Corolla,2725,3006,211.15,,,,,,,,,,,,,,,,,,,,,,,,,,,,,,,,
,1216,21900001027,Toyota,Corolla,2726,3007,211.16,,,,,,,,,,,,,,,,,,,,,,,,,,,,,,,,
,1217,21900001028,Toyota,Corolla,2727,3008,211.17,,,,,,,,,,,,,,,,,,,,,,,,,,,,,,,,
,1218,21900001029,Toyota,Corolla,2728,3009,211.18,,,,,,,,,,,,,,,,,,,,,,,,,,,,,,,,
,1219,21900001030,Toyota,Corolla,2729,3010,211.19,,,,,,,,,,,,,,,,,,,,,,,,,,,,,,,,
,1220,21900001031,Toyota,Corolla,2730,3011,211.20,,,,,,,,,,,,,,,,,,,,,,,,,,,,,,,,
,1221,21900001032,Toyota,Corolla,2731,3012,211.21,,,,,,,,,,,,,,,,,,,,,,,,,,,,,,,,
,1222,21900001033,Toyota,Corolla,2732,3013,211.22,,,,,,,,,,,,,,,,,,,,,,,,,,,,,,,,
,1223,21900001034,Toyota,Corolla,2733,3014,211.23,,,,,,,,,,,,,,,,,,,,,,,,,,,,,,,,
,1224,21900001035,Toyota,Corolla,2734,3015,211.24,,,,,,,,,,,,,,,,,,,,,,,,,,,,,,,,
,1225,21900001036,Toyota,Corolla,2735,3016,211.25,,,,,,,,,,,,,,,,,,,,,,,,,,,,,,,,
,1226,21900001037,Toyota,Corolla,2736,3017,211.26,,,,,,,,,,,,,,,,,,,,,,,,,,,,,,,,
,1227,21900001038,Toyota,Corolla,2737,3018,211.27,,,,,,,,,,,,,,,,,,,,,,,,,,,,,,,,
,1228,21900001039,Toyota,Corolla,2738,3019,211.28,,,,,,,,,,,,,,,,,,,,,,,,,,,,,,,,
,1229,21900001040,Toyota,Corolla,2739,3020,211.29,,,,,,,,,,,,,,,,,,,,,,,,,,,,,,,,
,1230,21900001041,Toyota,Corolla,2740,3021,211.30,,,,,,,,,,,,,,,,,,,,,,,,,,,,,,,,
,1231,21900001042,Toyota,Corolla,2741,3022,211.31,,,,,,,,,,,,,,,,,,,,,,,,,,,,,,,,
,1232,21900001043,Toyota,Corolla,2742,3023,211.32,,,,,,,,,,,,,,,,,,,,,,,,,,,,,,,,
,1233,21900001044,Toyota,Corolla,2743,3024,211.33,,,,,,,,,,,,,,,,,,,,,,,,,,,,,,,,
,1234,21900001045,Toyota,Corolla,2744,3025,211.34,,,,,,,,,,,,,,,,,,,,,,,,,,,,,,,,
,1235,21900001046,Toyota,Corolla,2745,3026,211.35,,,,,,,,,,,,,,,,,,,,,,,,,,,,,,,,
,1236,21900001047,Toyota,Corolla,2746,3027,211.36,,,,,,,,,,,,,,,,,,,,,,,,,,,,,,,,
,1237,21900001048,Toyota,Corolla,2747,3028,211.37,,,,,,,,,,,,,,,,,,,,,,,,,,,,,,,,
,1238,21900001049,Toyota,Corolla,2748,3029,211.38,,,,,,,,,,,,,,,,,,,,,,,,,,,,,,,,
,1239,21900001050,Toyota,Corolla,2749,3030,211.39,,,,,,,,,,,,,,,,,,,,,,,,,,,,,,,,
,1240,21900001051,Toyota,Corolla,2750,3031,211.40,,,,,,,,,,,,,,,,,,,,,,,,,,,,,,,,
,1241,21900001052,Toyota,Corolla,2751,3032,211.41,,,,,,,,,,,,,,,,,,,,,,,,,,,,,,,,
,1242,21900001053,Toyota,Corolla,2752,3033,211.42,,,,,,,,,,,,,,,,,,,,,,,,,,,,,,,,
,1243,21900001054,Toyota,Corolla,2753,3034,211.43,,,,,,,,,,,,,,,,,,,,,,,,,,,,,,,,
,1244,21900001055,Toyota,Corolla,2754,3035,211.44,,,,,,,,,,,,,,,,,,,,,,,,,,,,,,,,
,1245,21900001056,Toyota,Corolla,2755,3036,211.45,,,,,,,,,,,,,,,,,,,,,,,,,,,,,,,,
,1246,21900001057,Toyota,Corolla,2756,3037,211.46,,,,,,,,,,,,,,,,,,,,,,,,,,,,,,,,
,1247,21900001058,Toyota,Corolla,2757,3038,211.47,,,,,,,,,,,,,,,,,,,,,,,,,,,,,,,,
,1248,21900001059,Toyota,Corolla,2758,3039,211.48,,,,,,,,,,,,,,,,,,,,,,,,,,,,,,,,
,1249,21900001060,Toyota,Corolla,2759,3040,211.49,,,,,,,,,,,,,,,,,,,,,,,,,,,,,,,,
,1250,21900001061,Toyota,Corolla,2760,3041,211.50,,,,,,,,,,,,,,,,,,,,,,,,,,,,,,,,
,1251,21900001062,Toyota,Corolla,2761,3042,211.51,,,,,,,,,,,,,,,,,,,,,,,,,,,,,,,,
,1252,21900001063,Toyota,Corolla,2762,3043,211.52,,,,,,,,,,,,,,,,,,,,,,,,,,,,,,,,
,1253,21900001064,Toyota,Corolla,2763,3044,211.53,,,,,,,,,,,,,,,,,,,,,,,,,,,,,,,,
,1254,21900001065,Toyota,Corolla,2764,3045,211.54,,,,,,,,,,,,,,,,,,,,,,,,,,,,,,,,
,1255,21900001066,Toyota,Corolla,2765,3046,211.55,,,,,,,,,,,,,,,,,,,,,,,,,,,,,,,,
,1256,21900001067,Toyota,Corolla,2766,3047,211.56,,,,,,,,,,,,,,,,,,,,,,,,,,,,,,,,
,1257,21900001068,Toyota,Corolla,2767,3048,211.57,,,,,,,,,,,,,,,,,,,,,,,,,,,,,,,,
,1258,21900001069,Toyota,Corolla,2768,3049,211.58,,,,,,,,,,,,,,,,,,,,,,,,,,,,,,,,
,1259,21900001070,Toyota,Corolla,2769,3050,211.59,,,,,,,,,,,,,,,,,,,,,,,,,,,,,,,,
,1260,21900001071,Toyota,Corolla,2770,3051,211.60,,,,,,,,,,,,,,,,,,,,,,,,,,,,,,,,
,1261,21900001072,Toyota,Corolla,2771,3052,211.61,,,,,,,,,,,,,,,,,,,,,,,,,,,,,,,,
,1262,21900001073,Toyota,Corolla,2772,3053,211.62,,,,,,,,,,,,,,,,,,,,,,,,,,,,,,,,
,1263,21900001074,Toyota,Corolla,2773,3054,211.63,,,,,,,,,,,,,,,,,,,,,,,,,,,,,,,,
,1264,21900001075,Toyota,Corolla,2774,3055,211.64,,,,,,,,,,,,,,,,,,,,,,,,,,,,,,,,
,1265,21900001076,Toyota,Corolla,2775,3056,211.65,,,,,,,,,,,,,,,,,,,,,,,,,,,,,,,,
,1266,21900001077,Toyota,Corolla,2776,3057,211.66,,,,,,,,,,,,,,,,,,,,,,,,,,,,,,,,
,1267,21900001078,Toyota,Corolla,2777,3058,211.67,,,,,,,,,,,,,,,,,,,,,,,,,,,,,,,,
,1268,21900001079,Toyota,Corolla,2778,3059,211.68,,,,,,,,,,,,,,,,,,,,,,,,,,,,,,,,
,1269,21900001080,Toyota,Corolla,2779,3060,211.69,,,,,,,,,,,,,,,,,,,,,,,,,,,,,,,,
,1270,21900001081,Toyota,Corolla,2780,3061,211.70,,,,,,,,,,,,,,,,,,,,,,,,,,,,,,,,
,1271,21900001082,Toyota,Corolla,2781,3062,211.71,,,,,,,,,,,,,,,,,,,,,,,,,,,,,,,,
,1272,21900001083,Toyota,Corolla,2782,3063,211.72,,,,,,,,,,,,,,,,,,,,,,,,,,,,,,,,
,1273,21900001084,Toyota,Corolla,2783,3064,211.73,,,,,,,,,,,,,,,,,,,,,,,,,,,,,,,,
,1274,21900001085,Toyota,Corolla,2784,3065,211.74,,,,,,,,,,,,,,,,,,,,,,,,,,,,,,,,
,1275,21900001086,Toyota,Corolla,2785,3066,211.75,,,,,,,,,,,,,,,,,,,,,,,,,,,,,,,,
,1276,21900001087,Toyota,Corolla,2786,3067,211.76,,,,,,,,,,,,,,,,,,,,,,,,,,,,,,,,
,1277,21900001088,Toyota,Corolla,2787,3068,211.77,,,,,,,,,,,,,,,,,,,,,,,,,,,,,,,,
,1278,21900001089,Toyota,Corolla,2788,3069,211.78,,,,,,,,,,,,,,,,,,,,,,,,,,,,,,,,
,1279,21900001090,Toyota,Corolla,2789,3070,211.79,,,,,,,,,,,,,,,,,,,,,,,,,,,,,,,,
,1280,21900001091,Toyota,Corolla,2790,3071,211.80,,,,,,,,,,,,,,,,,,,,,,,,,,,,,,,,
,1281,21900001092,Toyota,Corolla,2791,3072,211.81,,,,,,,,,,,,,,,,,,,,,,,,,,,,,,,,
,1282,21900001093,Toyota,Corolla,2792,3073,211.82,,,,,,,,,,,,,,,,,,,,,,,,,,,,,,,,
,1283,21900001094,Toyota,Corolla,2793,3074,211.83,,,,,,,,,,,,,,,,,,,,,,,,,,,,,,,,
,1284,21900001095,Toyota,Corolla,2794,3075,211.84,,,,,,,,,,,,,,,,,,,,,,,,,,,,,,,,
,1285,21900001096,Toyota,Corolla,2795,3076,211.85,,,,,,,,,,,,,,,,,,,,,,,,,,,,,,,,
,1286,21900001097,Toyota,Corolla,2796,3077,211.86,,,,,,,,,,,,,,,,,,,,,,,,,,,,,,,,
,1287,21900001098,Toyota,Corolla,2797,3078,211.87,,,,,,,,,,,,,,,,,,,,,,,,,,,,,,,,
,1288,21900001099,Toyota,Corolla,2798,3079,211.88,,,,,,,,,,,,,,,,,,,,,,,,,,,,,,,,